time te rho
3.010000e-09 2.577000e+00 1.712000e-02
3.020000e-09 2.589000e+00 1.709000e-02
3.030000e-09 2.602000e+00 1.707000e-02
3.040000e-09 2.614000e+00 1.704000e-02
3.050000e-09 2.627000e+00 1.701000e-02
3.060000e-09 2.639000e+00 1.698000e-02
3.070000e-09 2.651000e+00 1.695000e-02
3.080000e-09 2.663000e+00 1.692000e-02
3.090000e-09 2.674000e+00 1.689000e-02
3.100000e-09 2.686000e+00 1.685000e-02
3.110000e-09 2.697000e+00 1.681000e-02
3.120000e-09 2.708000e+00 1.677000e-02
3.130000e-09 2.720000e+00 1.673000e-02
3.140000e-09 2.731000e+00 1.668000e-02
3.150000e-09 2.743000e+00 1.664000e-02
3.160000e-09 2.754000e+00 1.659000e-02
3.170000e-09 2.766000e+00 1.655000e-02
3.180000e-09 2.778000e+00 1.650000e-02
3.190000e-09 2.791000e+00 1.646000e-02
3.200000e-09 2.803000e+00 1.641000e-02
3.210000e-09 2.816000e+00 1.636000e-02
3.220000e-09 2.829000e+00 1.632000e-02
3.230000e-09 2.842000e+00 1.627000e-02
3.240000e-09 2.856000e+00 1.623000e-02
3.250000e-09 2.869000e+00 1.618000e-02
3.260000e-09 2.882000e+00 1.613000e-02
3.270000e-09 2.896000e+00 1.609000e-02
3.280000e-09 2.909000e+00 1.604000e-02
3.290000e-09 2.922000e+00 1.599000e-02
3.300000e-09 2.935000e+00 1.593000e-02
3.310000e-09 2.947000e+00 1.588000e-02
3.320000e-09 2.960000e+00 1.582000e-02
3.330000e-09 2.972000e+00 1.576000e-02
3.340000e-09 2.985000e+00 1.570000e-02
3.350000e-09 2.997000e+00 1.564000e-02
3.360000e-09 3.009000e+00 1.557000e-02
3.370000e-09 3.021000e+00 1.551000e-02
3.380000e-09 3.034000e+00 1.544000e-02
3.390000e-09 3.046000e+00 1.537000e-02
3.400000e-09 3.059000e+00 1.531000e-02
3.410000e-09 3.073000e+00 1.524000e-02
3.420000e-09 3.086000e+00 1.517000e-02
3.430000e-09 3.100000e+00 1.510000e-02
3.440000e-09 3.115000e+00 1.503000e-02
3.450000e-09 3.129000e+00 1.497000e-02
3.460000e-09 3.145000e+00 1.490000e-02
3.470000e-09 3.160000e+00 1.484000e-02
3.480000e-09 3.176000e+00 1.477000e-02
3.490000e-09 3.192000e+00 1.470000e-02
3.500000e-09 3.209000e+00 1.463000e-02
3.510000e-09 3.226000e+00 1.456000e-02
3.520000e-09 3.243000e+00 1.449000e-02
3.530000e-09 3.261000e+00 1.442000e-02
3.540000e-09 3.278000e+00 1.434000e-02
3.550000e-09 3.296000e+00 1.426000e-02
3.560000e-09 3.314000e+00 1.418000e-02
3.570000e-09 3.332000e+00 1.409000e-02
3.580000e-09 3.351000e+00 1.400000e-02
3.590000e-09 3.370000e+00 1.391000e-02
3.600000e-09 3.389000e+00 1.382000e-02
3.610000e-09 3.408000e+00 1.373000e-02
3.620000e-09 3.428000e+00 1.363000e-02
3.630000e-09 3.448000e+00 1.354000e-02
3.640000e-09 3.469000e+00 1.344000e-02
3.650000e-09 3.490000e+00 1.334000e-02
3.660000e-09 3.511000e+00 1.324000e-02
3.670000e-09 3.533000e+00 1.315000e-02
3.680000e-09 3.555000e+00 1.305000e-02
3.690000e-09 3.577000e+00 1.295000e-02
3.700000e-09 3.600000e+00 1.286000e-02
3.710000e-09 3.623000e+00 1.276000e-02
3.720000e-09 3.646000e+00 1.267000e-02
3.730000e-09 3.670000e+00 1.257000e-02
3.740000e-09 3.693000e+00 1.248000e-02
3.750000e-09 3.717000e+00 1.238000e-02
3.760000e-09 3.741000e+00 1.229000e-02
3.770000e-09 3.766000e+00 1.219000e-02
3.780000e-09 3.790000e+00 1.209000e-02
3.790000e-09 3.815000e+00 1.199000e-02
3.800000e-09 3.840000e+00 1.189000e-02
3.810000e-09 3.865000e+00 1.178000e-02
3.820000e-09 3.891000e+00 1.168000e-02
3.830000e-09 3.917000e+00 1.157000e-02
3.840000e-09 3.943000e+00 1.146000e-02
3.850000e-09 3.969000e+00 1.135000e-02
3.860000e-09 3.997000e+00 1.123000e-02
3.870000e-09 4.024000e+00 1.112000e-02
3.880000e-09 4.052000e+00 1.100000e-02
3.890000e-09 4.081000e+00 1.088000e-02
3.900000e-09 4.110000e+00 1.076000e-02
3.910000e-09 4.140000e+00 1.065000e-02
3.920000e-09 4.170000e+00 1.053000e-02
3.930000e-09 4.201000e+00 1.041000e-02
3.940000e-09 4.232000e+00 1.030000e-02
3.950000e-09 4.264000e+00 1.018000e-02
3.960000e-09 4.297000e+00 1.007000e-02
3.970000e-09 4.329000e+00 9.957000e-03
3.980000e-09 4.363000e+00 9.847000e-03
3.990000e-09 4.396000e+00 9.739000e-03
4.000000e-09 4.431000e+00 9.633000e-03
4.010000e-09 4.465000e+00 9.529000e-03
4.020000e-09 4.500000e+00 9.426000e-03
4.030000e-09 4.536000e+00 9.325000e-03
4.040000e-09 4.571000e+00 9.224000e-03
4.050000e-09 4.608000e+00 9.124000e-03
4.060000e-09 4.645000e+00 9.025000e-03
4.070000e-09 4.682000e+00 8.926000e-03
4.080000e-09 4.720000e+00 8.827000e-03
4.090000e-09 4.758000e+00 8.727000e-03
4.100000e-09 4.797000e+00 8.627000e-03
4.110000e-09 4.836000e+00 8.526000e-03
4.120000e-09 4.876000e+00 8.424000e-03
4.130000e-09 4.917000e+00 8.321000e-03
4.140000e-09 4.958000e+00 8.217000e-03
4.150000e-09 5.000000e+00 8.112000e-03
4.160000e-09 5.043000e+00 8.005000e-03
4.170000e-09 5.086000e+00 7.897000e-03
4.180000e-09 5.130000e+00 7.789000e-03
4.190000e-09 5.174000e+00 7.679000e-03
4.200000e-09 5.219000e+00 7.570000e-03
4.210000e-09 5.265000e+00 7.460000e-03
4.220000e-09 5.311000e+00 7.350000e-03
4.230000e-09 5.357000e+00 7.240000e-03
4.240000e-09 5.404000e+00 7.132000e-03
4.250000e-09 5.452000e+00 7.024000e-03
4.260000e-09 5.499000e+00 6.917000e-03
4.270000e-09 5.547000e+00 6.813000e-03
4.280000e-09 5.596000e+00 6.710000e-03
4.290000e-09 5.644000e+00 6.610000e-03
4.300000e-09 5.693000e+00 6.512000e-03
4.310000e-09 5.741000e+00 6.417000e-03
4.320000e-09 5.790000e+00 6.325000e-03
4.330000e-09 5.839000e+00 6.235000e-03
4.340000e-09 5.888000e+00 6.149000e-03
4.350000e-09 5.937000e+00 6.065000e-03
4.360000e-09 5.986000e+00 5.985000e-03
4.370000e-09 6.035000e+00 5.907000e-03
4.380000e-09 6.084000e+00 5.832000e-03
4.390000e-09 6.133000e+00 5.760000e-03
4.400000e-09 6.182000e+00 5.690000e-03
4.410000e-09 6.230000e+00 5.623000e-03
4.420000e-09 6.279000e+00 5.557000e-03
4.430000e-09 6.328000e+00 5.494000e-03
4.440000e-09 6.377000e+00 5.432000e-03
4.450000e-09 6.426000e+00 5.371000e-03
4.460000e-09 6.476000e+00 5.312000e-03
4.470000e-09 6.525000e+00 5.253000e-03
4.480000e-09 6.575000e+00 5.196000e-03
4.490000e-09 6.624000e+00 5.139000e-03
4.500000e-09 6.674000e+00 5.083000e-03
4.510000e-09 6.725000e+00 5.028000e-03
4.520000e-09 6.776000e+00 4.973000e-03
4.530000e-09 6.827000e+00 4.918000e-03
4.540000e-09 6.878000e+00 4.865000e-03
4.550000e-09 6.929000e+00 4.811000e-03
4.560000e-09 6.981000e+00 4.758000e-03
4.570000e-09 7.034000e+00 4.706000e-03
4.580000e-09 7.086000e+00 4.654000e-03
4.590000e-09 7.139000e+00 4.603000e-03
4.600000e-09 7.192000e+00 4.553000e-03
4.610000e-09 7.246000e+00 4.503000e-03
4.620000e-09 7.299000e+00 4.454000e-03
4.630000e-09 7.353000e+00 4.406000e-03
4.640000e-09 7.407000e+00 4.358000e-03
4.650000e-09 7.462000e+00 4.312000e-03
4.660000e-09 7.516000e+00 4.266000e-03
4.670000e-09 7.571000e+00 4.221000e-03
4.680000e-09 7.625000e+00 4.176000e-03
4.690000e-09 7.680000e+00 4.133000e-03
4.700000e-09 7.734000e+00 4.090000e-03
4.710000e-09 7.789000e+00 4.049000e-03
4.720000e-09 7.844000e+00 4.008000e-03
4.730000e-09 7.898000e+00 3.968000e-03
4.740000e-09 7.953000e+00 3.928000e-03
4.750000e-09 8.008000e+00 3.890000e-03
4.760000e-09 8.062000e+00 3.853000e-03
4.770000e-09 8.116000e+00 3.816000e-03
4.780000e-09 8.171000e+00 3.780000e-03
4.790000e-09 8.225000e+00 3.745000e-03
4.800000e-09 8.279000e+00 3.710000e-03
4.810000e-09 8.333000e+00 3.676000e-03
4.820000e-09 8.386000e+00 3.643000e-03
4.830000e-09 8.440000e+00 3.611000e-03
4.840000e-09 8.493000e+00 3.579000e-03
4.850000e-09 8.546000e+00 3.548000e-03
4.860000e-09 8.599000e+00 3.518000e-03
4.870000e-09 8.652000e+00 3.488000e-03
4.880000e-09 8.705000e+00 3.459000e-03
4.890000e-09 8.757000e+00 3.430000e-03
4.900000e-09 8.810000e+00 3.403000e-03
4.910000e-09 8.862000e+00 3.375000e-03
4.920000e-09 8.914000e+00 3.349000e-03
4.930000e-09 8.966000e+00 3.322000e-03
4.940000e-09 9.018000e+00 3.297000e-03
4.950000e-09 9.069000e+00 3.272000e-03
4.960000e-09 9.121000e+00 3.247000e-03
4.970000e-09 9.173000e+00 3.223000e-03
4.980000e-09 9.224000e+00 3.199000e-03
4.990000e-09 9.276000e+00 3.176000e-03
5.000000e-09 9.328000e+00 3.154000e-03
5.010000e-09 9.379000e+00 3.131000e-03
5.020000e-09 9.431000e+00 3.110000e-03
5.030000e-09 9.483000e+00 3.088000e-03
5.040000e-09 9.534000e+00 3.067000e-03
5.050000e-09 9.586000e+00 3.047000e-03
5.060000e-09 9.638000e+00 3.026000e-03
5.070000e-09 9.690000e+00 3.007000e-03
5.080000e-09 9.742000e+00 2.987000e-03
5.090000e-09 9.795000e+00 2.968000e-03
5.100000e-09 9.847000e+00 2.949000e-03
5.110000e-09 9.900000e+00 2.931000e-03
5.120000e-09 9.952000e+00 2.912000e-03
5.130000e-09 1.001000e+01 2.894000e-03
5.140000e-09 1.006000e+01 2.877000e-03
5.150000e-09 1.011000e+01 2.859000e-03
5.160000e-09 1.016000e+01 2.842000e-03
5.170000e-09 1.022000e+01 2.825000e-03
5.180000e-09 1.027000e+01 2.808000e-03
5.190000e-09 1.032000e+01 2.791000e-03
5.200000e-09 1.038000e+01 2.775000e-03
5.210000e-09 1.043000e+01 2.758000e-03
5.220000e-09 1.049000e+01 2.742000e-03
5.230000e-09 1.054000e+01 2.726000e-03
5.240000e-09 1.059000e+01 2.710000e-03
5.250000e-09 1.065000e+01 2.694000e-03
5.260000e-09 1.070000e+01 2.679000e-03
5.270000e-09 1.076000e+01 2.663000e-03
5.280000e-09 1.081000e+01 2.648000e-03
5.290000e-09 1.086000e+01 2.633000e-03
5.300000e-09 1.092000e+01 2.617000e-03
5.310000e-09 1.097000e+01 2.602000e-03
5.320000e-09 1.103000e+01 2.587000e-03
5.330000e-09 1.108000e+01 2.573000e-03
5.340000e-09 1.113000e+01 2.558000e-03
5.350000e-09 1.119000e+01 2.543000e-03
5.360000e-09 1.124000e+01 2.529000e-03
5.370000e-09 1.129000e+01 2.514000e-03
5.380000e-09 1.135000e+01 2.500000e-03
5.390000e-09 1.140000e+01 2.486000e-03
5.400000e-09 1.146000e+01 2.472000e-03
5.410000e-09 1.151000e+01 2.457000e-03
5.420000e-09 1.156000e+01 2.443000e-03
5.430000e-09 1.162000e+01 2.430000e-03
5.440000e-09 1.167000e+01 2.416000e-03
5.450000e-09 1.172000e+01 2.402000e-03
5.460000e-09 1.178000e+01 2.388000e-03
5.470000e-09 1.183000e+01 2.375000e-03
5.480000e-09 1.188000e+01 2.361000e-03
5.490000e-09 1.194000e+01 2.348000e-03
5.500000e-09 1.199000e+01 2.335000e-03
5.510000e-09 1.204000e+01 2.321000e-03
5.520000e-09 1.209000e+01 2.308000e-03
5.530000e-09 1.215000e+01 2.295000e-03
5.540000e-09 1.220000e+01 2.282000e-03
5.550000e-09 1.225000e+01 2.269000e-03
5.560000e-09 1.230000e+01 2.256000e-03
5.570000e-09 1.236000e+01 2.243000e-03
5.580000e-09 1.241000e+01 2.231000e-03
5.590000e-09 1.246000e+01 2.218000e-03
5.600000e-09 1.251000e+01 2.205000e-03
5.610000e-09 1.256000e+01 2.193000e-03
5.620000e-09 1.262000e+01 2.180000e-03
5.630000e-09 1.267000e+01 2.168000e-03
5.640000e-09 1.272000e+01 2.155000e-03
5.650000e-09 1.277000e+01 2.143000e-03
5.660000e-09 1.282000e+01 2.131000e-03
5.670000e-09 1.287000e+01 2.118000e-03
5.680000e-09 1.292000e+01 2.106000e-03
5.690000e-09 1.297000e+01 2.094000e-03
5.700000e-09 1.302000e+01 2.082000e-03
5.710000e-09 1.307000e+01 2.070000e-03
5.720000e-09 1.312000e+01 2.058000e-03
5.730000e-09 1.317000e+01 2.047000e-03
5.740000e-09 1.322000e+01 2.035000e-03
5.750000e-09 1.327000e+01 2.023000e-03
5.760000e-09 1.332000e+01 2.011000e-03
5.770000e-09 1.337000e+01 2.000000e-03
5.780000e-09 1.341000e+01 1.988000e-03
5.790000e-09 1.346000e+01 1.977000e-03
5.800000e-09 1.351000e+01 1.965000e-03
5.810000e-09 1.356000e+01 1.954000e-03
5.820000e-09 1.360000e+01 1.942000e-03
5.830000e-09 1.365000e+01 1.931000e-03
5.840000e-09 1.370000e+01 1.920000e-03
5.850000e-09 1.375000e+01 1.909000e-03
5.860000e-09 1.379000e+01 1.897000e-03
5.870000e-09 1.384000e+01 1.886000e-03
5.880000e-09 1.388000e+01 1.875000e-03
5.890000e-09 1.393000e+01 1.864000e-03
5.900000e-09 1.397000e+01 1.853000e-03
5.910000e-09 1.402000e+01 1.842000e-03
5.920000e-09 1.406000e+01 1.831000e-03
5.930000e-09 1.411000e+01 1.820000e-03
5.940000e-09 1.415000e+01 1.809000e-03
5.950000e-09 1.420000e+01 1.799000e-03
5.960000e-09 1.424000e+01 1.788000e-03
5.970000e-09 1.428000e+01 1.777000e-03
5.980000e-09 1.433000e+01 1.766000e-03
5.990000e-09 1.437000e+01 1.756000e-03
6.000000e-09 1.441000e+01 1.745000e-03
6.010000e-09 1.445000e+01 1.734000e-03
6.020000e-09 1.449000e+01 1.724000e-03
6.030000e-09 1.453000e+01 1.713000e-03
6.040000e-09 1.458000e+01 1.702000e-03
6.050000e-09 1.462000e+01 1.692000e-03
6.060000e-09 1.466000e+01 1.681000e-03
6.070000e-09 1.470000e+01 1.671000e-03
6.080000e-09 1.474000e+01 1.660000e-03
6.090000e-09 1.477000e+01 1.650000e-03
6.100000e-09 1.481000e+01 1.640000e-03
6.110000e-09 1.485000e+01 1.629000e-03
6.120000e-09 1.489000e+01 1.619000e-03
6.130000e-09 1.493000e+01 1.609000e-03
6.140000e-09 1.497000e+01 1.598000e-03
6.150000e-09 1.500000e+01 1.588000e-03
6.160000e-09 1.504000e+01 1.578000e-03
6.170000e-09 1.508000e+01 1.567000e-03
6.180000e-09 1.511000e+01 1.557000e-03
6.190000e-09 1.515000e+01 1.547000e-03
6.200000e-09 1.518000e+01 1.537000e-03
6.210000e-09 1.522000e+01 1.527000e-03
6.220000e-09 1.525000e+01 1.517000e-03
6.230000e-09 1.529000e+01 1.507000e-03
6.240000e-09 1.532000e+01 1.497000e-03
6.250000e-09 1.536000e+01 1.487000e-03
6.260000e-09 1.539000e+01 1.477000e-03
6.270000e-09 1.542000e+01 1.468000e-03
6.280000e-09 1.546000e+01 1.458000e-03
6.290000e-09 1.549000e+01 1.448000e-03
6.300000e-09 1.552000e+01 1.439000e-03
6.310000e-09 1.555000e+01 1.429000e-03
6.320000e-09 1.558000e+01 1.420000e-03
6.330000e-09 1.561000e+01 1.411000e-03
6.340000e-09 1.564000e+01 1.401000e-03
6.350000e-09 1.567000e+01 1.392000e-03
6.360000e-09 1.570000e+01 1.383000e-03
6.370000e-09 1.573000e+01 1.374000e-03
6.380000e-09 1.576000e+01 1.365000e-03
6.390000e-09 1.579000e+01 1.356000e-03
6.400000e-09 1.582000e+01 1.347000e-03
6.410000e-09 1.585000e+01 1.338000e-03
6.420000e-09 1.587000e+01 1.329000e-03
6.430000e-09 1.590000e+01 1.320000e-03
6.440000e-09 1.593000e+01 1.312000e-03
6.450000e-09 1.595000e+01 1.303000e-03
6.460000e-09 1.598000e+01 1.295000e-03
6.470000e-09 1.600000e+01 1.286000e-03
6.480000e-09 1.603000e+01 1.278000e-03
6.490000e-09 1.605000e+01 1.270000e-03
6.500000e-09 1.608000e+01 1.261000e-03
6.510000e-09 1.610000e+01 1.253000e-03
6.520000e-09 1.613000e+01 1.245000e-03
6.530000e-09 1.615000e+01 1.237000e-03
6.540000e-09 1.617000e+01 1.229000e-03
6.550000e-09 1.620000e+01 1.221000e-03
6.560000e-09 1.622000e+01 1.213000e-03
6.570000e-09 1.624000e+01 1.206000e-03
6.580000e-09 1.626000e+01 1.198000e-03
6.590000e-09 1.628000e+01 1.190000e-03
6.600000e-09 1.630000e+01 1.183000e-03
6.610000e-09 1.632000e+01 1.175000e-03
6.620000e-09 1.634000e+01 1.168000e-03
6.630000e-09 1.636000e+01 1.160000e-03
6.640000e-09 1.638000e+01 1.153000e-03
6.650000e-09 1.640000e+01 1.146000e-03
6.660000e-09 1.642000e+01 1.139000e-03
6.670000e-09 1.644000e+01 1.132000e-03
6.680000e-09 1.646000e+01 1.124000e-03
6.690000e-09 1.647000e+01 1.117000e-03
6.700000e-09 1.649000e+01 1.111000e-03
6.710000e-09 1.651000e+01 1.104000e-03
6.720000e-09 1.653000e+01 1.097000e-03
6.730000e-09 1.654000e+01 1.090000e-03
6.740000e-09 1.656000e+01 1.083000e-03
6.750000e-09 1.657000e+01 1.077000e-03
6.760000e-09 1.659000e+01 1.070000e-03
6.770000e-09 1.660000e+01 1.063000e-03
6.780000e-09 1.662000e+01 1.057000e-03
6.790000e-09 1.663000e+01 1.050000e-03
6.800000e-09 1.665000e+01 1.044000e-03
6.810000e-09 1.666000e+01 1.037000e-03
6.820000e-09 1.667000e+01 1.031000e-03
6.830000e-09 1.669000e+01 1.025000e-03
6.840000e-09 1.670000e+01 1.019000e-03
6.850000e-09 1.671000e+01 1.012000e-03
6.860000e-09 1.672000e+01 1.006000e-03
6.870000e-09 1.673000e+01 1.000000e-03
6.880000e-09 1.675000e+01 9.942000e-04
6.890000e-09 1.676000e+01 9.882000e-04
6.900000e-09 1.677000e+01 9.822000e-04
6.910000e-09 1.678000e+01 9.763000e-04
6.920000e-09 1.679000e+01 9.705000e-04
6.930000e-09 1.680000e+01 9.647000e-04
6.940000e-09 1.681000e+01 9.589000e-04
6.950000e-09 1.682000e+01 9.532000e-04
6.960000e-09 1.683000e+01 9.475000e-04
6.970000e-09 1.684000e+01 9.419000e-04
6.980000e-09 1.685000e+01 9.363000e-04
6.990000e-09 1.685000e+01 9.307000e-04
7.000000e-09 1.686000e+01 9.252000e-04
