time te rho
4.010000e-09 1.651000e+01 2.382000e-04
4.020000e-09 1.658000e+01 2.349000e-04
4.030000e-09 1.665000e+01 2.316000e-04
4.040000e-09 1.672000e+01 2.283000e-04
4.050000e-09 1.679000e+01 2.251000e-04
4.060000e-09 1.686000e+01 2.219000e-04
4.070000e-09 1.693000e+01 2.187000e-04
4.080000e-09 1.700000e+01 2.156000e-04
4.090000e-09 1.707000e+01 2.125000e-04
4.100000e-09 1.714000e+01 2.094000e-04
4.110000e-09 1.721000e+01 2.064000e-04
4.120000e-09 1.728000e+01 2.034000e-04
4.130000e-09 1.735000e+01 2.004000e-04
4.140000e-09 1.741000e+01 1.975000e-04
4.150000e-09 1.748000e+01 1.946000e-04
4.160000e-09 1.755000e+01 1.917000e-04
4.170000e-09 1.762000e+01 1.889000e-04
4.180000e-09 1.768000e+01 1.861000e-04
4.190000e-09 1.775000e+01 1.833000e-04
4.200000e-09 1.781000e+01 1.806000e-04
4.210000e-09 1.787000e+01 1.779000e-04
4.220000e-09 1.794000e+01 1.752000e-04
4.230000e-09 1.800000e+01 1.726000e-04
4.240000e-09 1.806000e+01 1.700000e-04
4.250000e-09 1.812000e+01 1.675000e-04
4.260000e-09 1.818000e+01 1.650000e-04
4.270000e-09 1.823000e+01 1.625000e-04
4.280000e-09 1.829000e+01 1.600000e-04
4.290000e-09 1.834000e+01 1.576000e-04
4.300000e-09 1.839000e+01 1.553000e-04
4.310000e-09 1.844000e+01 1.530000e-04
4.320000e-09 1.849000e+01 1.507000e-04
4.330000e-09 1.853000e+01 1.484000e-04
4.340000e-09 1.858000e+01 1.462000e-04
4.350000e-09 1.862000e+01 1.440000e-04
4.360000e-09 1.866000e+01 1.419000e-04
4.370000e-09 1.869000e+01 1.398000e-04
4.380000e-09 1.873000e+01 1.377000e-04
4.390000e-09 1.877000e+01 1.357000e-04
4.400000e-09 1.880000e+01 1.337000e-04
4.410000e-09 1.884000e+01 1.317000e-04
4.420000e-09 1.887000e+01 1.297000e-04
4.430000e-09 1.891000e+01 1.278000e-04
4.440000e-09 1.895000e+01 1.259000e-04
4.450000e-09 1.899000e+01 1.240000e-04
4.460000e-09 1.903000e+01 1.221000e-04
4.470000e-09 1.907000e+01 1.203000e-04
4.480000e-09 1.912000e+01 1.184000e-04
4.490000e-09 1.917000e+01 1.166000e-04
4.500000e-09 1.922000e+01 1.148000e-04
4.510000e-09 1.927000e+01 1.130000e-04
4.520000e-09 1.933000e+01 1.112000e-04
4.530000e-09 1.939000e+01 1.094000e-04
4.540000e-09 1.944000e+01 1.077000e-04
4.550000e-09 1.951000e+01 1.059000e-04
4.560000e-09 1.957000e+01 1.042000e-04
4.570000e-09 1.963000e+01 1.025000e-04
4.580000e-09 1.969000e+01 1.009000e-04
4.590000e-09 1.976000e+01 9.923000e-05
4.600000e-09 1.982000e+01 9.761000e-05
4.610000e-09 1.988000e+01 9.602000e-05
4.620000e-09 1.994000e+01 9.446000e-05
4.630000e-09 2.000000e+01 9.292000e-05
4.640000e-09 2.005000e+01 9.142000e-05
4.650000e-09 2.011000e+01 8.994000e-05
4.660000e-09 2.016000e+01 8.850000e-05
4.670000e-09 2.021000e+01 8.708000e-05
4.680000e-09 2.026000e+01 8.569000e-05
4.690000e-09 2.030000e+01 8.432000e-05
4.700000e-09 2.034000e+01 8.299000e-05
4.710000e-09 2.038000e+01 8.168000e-05
4.720000e-09 2.042000e+01 8.040000e-05
4.730000e-09 2.046000e+01 7.914000e-05
4.740000e-09 2.050000e+01 7.790000e-05
4.750000e-09 2.053000e+01 7.669000e-05
4.760000e-09 2.056000e+01 7.550000e-05
4.770000e-09 2.060000e+01 7.434000e-05
4.780000e-09 2.063000e+01 7.319000e-05
4.790000e-09 2.066000e+01 7.206000e-05
4.800000e-09 2.068000e+01 7.096000e-05
4.810000e-09 2.071000e+01 6.987000e-05
4.820000e-09 2.074000e+01 6.880000e-05
4.830000e-09 2.077000e+01 6.775000e-05
4.840000e-09 2.079000e+01 6.672000e-05
4.850000e-09 2.082000e+01 6.571000e-05
4.860000e-09 2.084000e+01 6.471000e-05
4.870000e-09 2.086000e+01 6.373000e-05
4.880000e-09 2.089000e+01 6.277000e-05
4.890000e-09 2.091000e+01 6.182000e-05
4.900000e-09 2.093000e+01 6.089000e-05
4.910000e-09 2.095000e+01 5.998000e-05
4.920000e-09 2.097000e+01 5.908000e-05
4.930000e-09 2.099000e+01 5.819000e-05
4.940000e-09 2.101000e+01 5.733000e-05
4.950000e-09 2.103000e+01 5.647000e-05
4.960000e-09 2.105000e+01 5.563000e-05
4.970000e-09 2.107000e+01 5.480000e-05
4.980000e-09 2.109000e+01 5.399000e-05
4.990000e-09 2.111000e+01 5.319000e-05
5.000000e-09 2.112000e+01 5.241000e-05
5.010000e-09 2.114000e+01 5.163000e-05
5.020000e-09 2.115000e+01 5.087000e-05
5.030000e-09 2.117000e+01 5.013000e-05
5.040000e-09 2.119000e+01 4.939000e-05
5.050000e-09 2.120000e+01 4.867000e-05
5.060000e-09 2.121000e+01 4.796000e-05
5.070000e-09 2.123000e+01 4.726000e-05
5.080000e-09 2.124000e+01 4.657000e-05
5.090000e-09 2.126000e+01 4.590000e-05
5.100000e-09 2.127000e+01 4.524000e-05
5.110000e-09 2.128000e+01 4.458000e-05
5.120000e-09 2.129000e+01 4.394000e-05
5.130000e-09 2.130000e+01 4.331000e-05
5.140000e-09 2.131000e+01 4.269000e-05
5.150000e-09 2.133000e+01 4.208000e-05
5.160000e-09 2.134000e+01 4.147000e-05
5.170000e-09 2.135000e+01 4.088000e-05
5.180000e-09 2.136000e+01 4.030000e-05
5.190000e-09 2.137000e+01 3.973000e-05
5.200000e-09 2.137000e+01 3.917000e-05
5.210000e-09 2.138000e+01 3.861000e-05
5.220000e-09 2.139000e+01 3.807000e-05
5.230000e-09 2.140000e+01 3.753000e-05
5.240000e-09 2.141000e+01 3.700000e-05
5.250000e-09 2.141000e+01 3.648000e-05
5.260000e-09 2.142000e+01 3.597000e-05
5.270000e-09 2.143000e+01 3.547000e-05
5.280000e-09 2.144000e+01 3.498000e-05
5.290000e-09 2.144000e+01 3.449000e-05
5.300000e-09 2.145000e+01 3.401000e-05
5.310000e-09 2.145000e+01 3.354000e-05
5.320000e-09 2.146000e+01 3.307000e-05
5.330000e-09 2.146000e+01 3.262000e-05
5.340000e-09 2.147000e+01 3.217000e-05
5.350000e-09 2.147000e+01 3.172000e-05
5.360000e-09 2.147000e+01 3.129000e-05
5.370000e-09 2.148000e+01 3.086000e-05
5.380000e-09 2.148000e+01 3.044000e-05
5.390000e-09 2.148000e+01 3.002000e-05
5.400000e-09 2.148000e+01 2.961000e-05
5.410000e-09 2.148000e+01 2.921000e-05
5.420000e-09 2.148000e+01 2.881000e-05
5.430000e-09 2.148000e+01 2.842000e-05
5.440000e-09 2.148000e+01 2.804000e-05
5.450000e-09 2.148000e+01 2.766000e-05
5.460000e-09 2.148000e+01 2.729000e-05
5.470000e-09 2.147000e+01 2.693000e-05
5.480000e-09 2.147000e+01 2.656000e-05
5.490000e-09 2.146000e+01 2.621000e-05
5.500000e-09 2.146000e+01 2.586000e-05
5.510000e-09 2.145000e+01 2.552000e-05
5.520000e-09 2.144000e+01 2.518000e-05
5.530000e-09 2.144000e+01 2.485000e-05
5.540000e-09 2.143000e+01 2.452000e-05
5.550000e-09 2.142000e+01 2.420000e-05
5.560000e-09 2.141000e+01 2.388000e-05
5.570000e-09 2.140000e+01 2.357000e-05
5.580000e-09 2.139000e+01 2.326000e-05
5.590000e-09 2.138000e+01 2.296000e-05
5.600000e-09 2.137000e+01 2.266000e-05
5.610000e-09 2.136000e+01 2.236000e-05
5.620000e-09 2.135000e+01 2.207000e-05
5.630000e-09 2.134000e+01 2.179000e-05
5.640000e-09 2.133000e+01 2.150000e-05
5.650000e-09 2.133000e+01 2.122000e-05
5.660000e-09 2.132000e+01 2.095000e-05
5.670000e-09 2.131000e+01 2.068000e-05
5.680000e-09 2.131000e+01 2.041000e-05
5.690000e-09 2.130000e+01 2.015000e-05
5.700000e-09 2.130000e+01 1.988000e-05
5.710000e-09 2.129000e+01 1.963000e-05
5.720000e-09 2.129000e+01 1.937000e-05
5.730000e-09 2.129000e+01 1.913000e-05
5.740000e-09 2.129000e+01 1.888000e-05
5.750000e-09 2.129000e+01 1.864000e-05
5.760000e-09 2.129000e+01 1.840000e-05
5.770000e-09 2.129000e+01 1.817000e-05
5.780000e-09 2.129000e+01 1.794000e-05
5.790000e-09 2.130000e+01 1.771000e-05
5.800000e-09 2.130000e+01 1.749000e-05
5.810000e-09 2.130000e+01 1.727000e-05
5.820000e-09 2.130000e+01 1.705000e-05
5.830000e-09 2.130000e+01 1.684000e-05
5.840000e-09 2.131000e+01 1.663000e-05
5.850000e-09 2.131000e+01 1.643000e-05
5.860000e-09 2.131000e+01 1.623000e-05
5.870000e-09 2.131000e+01 1.603000e-05
5.880000e-09 2.131000e+01 1.584000e-05
5.890000e-09 2.131000e+01 1.565000e-05
5.900000e-09 2.131000e+01 1.546000e-05
5.910000e-09 2.130000e+01 1.527000e-05
5.920000e-09 2.130000e+01 1.509000e-05
5.930000e-09 2.130000e+01 1.491000e-05
5.940000e-09 2.129000e+01 1.473000e-05
5.950000e-09 2.129000e+01 1.456000e-05
5.960000e-09 2.128000e+01 1.438000e-05
5.970000e-09 2.128000e+01 1.421000e-05
5.980000e-09 2.127000e+01 1.405000e-05
5.990000e-09 2.126000e+01 1.388000e-05
6.000000e-09 2.126000e+01 1.372000e-05
6.010000e-09 2.125000e+01 1.356000e-05
6.020000e-09 2.124000e+01 1.340000e-05
6.030000e-09 2.123000e+01 1.324000e-05
6.040000e-09 2.122000e+01 1.309000e-05
6.050000e-09 2.121000e+01 1.293000e-05
6.060000e-09 2.120000e+01 1.278000e-05
6.070000e-09 2.120000e+01 1.264000e-05
6.080000e-09 2.119000e+01 1.249000e-05
6.090000e-09 2.118000e+01 1.235000e-05
6.100000e-09 2.117000e+01 1.220000e-05
6.110000e-09 2.116000e+01 1.206000e-05
6.120000e-09 2.115000e+01 1.193000e-05
6.130000e-09 2.114000e+01 1.179000e-05
6.140000e-09 2.113000e+01 1.166000e-05
6.150000e-09 2.112000e+01 1.152000e-05
6.160000e-09 2.111000e+01 1.139000e-05
6.170000e-09 2.110000e+01 1.126000e-05
6.180000e-09 2.109000e+01 1.114000e-05
6.190000e-09 2.108000e+01 1.101000e-05
6.200000e-09 2.107000e+01 1.089000e-05
6.210000e-09 2.106000e+01 1.077000e-05
6.220000e-09 2.104000e+01 1.065000e-05
6.230000e-09 2.103000e+01 1.053000e-05
6.240000e-09 2.102000e+01 1.041000e-05
6.250000e-09 2.101000e+01 1.030000e-05
6.260000e-09 2.100000e+01 1.018000e-05
6.270000e-09 2.099000e+01 1.007000e-05
6.280000e-09 2.098000e+01 9.962000e-06
6.290000e-09 2.097000e+01 9.853000e-06
6.300000e-09 2.096000e+01 9.746000e-06
6.310000e-09 2.094000e+01 9.640000e-06
6.320000e-09 2.093000e+01 9.535000e-06
6.330000e-09 2.092000e+01 9.432000e-06
6.340000e-09 2.091000e+01 9.331000e-06
6.350000e-09 2.089000e+01 9.230000e-06
6.360000e-09 2.088000e+01 9.132000e-06
6.370000e-09 2.087000e+01 9.034000e-06
6.380000e-09 2.086000e+01 8.938000e-06
6.390000e-09 2.084000e+01 8.843000e-06
6.400000e-09 2.083000e+01 8.750000e-06
6.410000e-09 2.082000e+01 8.657000e-06
6.420000e-09 2.080000e+01 8.566000e-06
6.430000e-09 2.079000e+01 8.477000e-06
6.440000e-09 2.078000e+01 8.388000e-06
6.450000e-09 2.076000e+01 8.301000e-06
6.460000e-09 2.075000e+01 8.215000e-06
6.470000e-09 2.073000e+01 8.130000e-06
6.480000e-09 2.071000e+01 8.046000e-06
6.490000e-09 2.070000e+01 7.963000e-06
6.500000e-09 2.068000e+01 7.882000e-06
6.510000e-09 2.067000e+01 7.801000e-06
6.520000e-09 2.065000e+01 7.722000e-06
6.530000e-09 2.063000e+01 7.643000e-06
6.540000e-09 2.062000e+01 7.566000e-06
6.550000e-09 2.060000e+01 7.489000e-06
6.560000e-09 2.058000e+01 7.414000e-06
6.570000e-09 2.056000e+01 7.339000e-06
6.580000e-09 2.055000e+01 7.265000e-06
6.590000e-09 2.053000e+01 7.192000e-06
6.600000e-09 2.051000e+01 7.120000e-06
6.610000e-09 2.050000e+01 7.049000e-06
6.620000e-09 2.048000e+01 6.978000e-06
6.630000e-09 2.046000e+01 6.908000e-06
6.640000e-09 2.045000e+01 6.839000e-06
6.650000e-09 2.043000e+01 6.771000e-06
6.660000e-09 2.042000e+01 6.703000e-06
6.670000e-09 2.040000e+01 6.636000e-06
6.680000e-09 2.039000e+01 6.569000e-06
6.690000e-09 2.038000e+01 6.503000e-06
6.700000e-09 2.036000e+01 6.438000e-06
6.710000e-09 2.035000e+01 6.374000e-06
6.720000e-09 2.034000e+01 6.310000e-06
6.730000e-09 2.033000e+01 6.248000e-06
6.740000e-09 2.032000e+01 6.186000e-06
6.750000e-09 2.030000e+01 6.124000e-06
6.760000e-09 2.029000e+01 6.064000e-06
6.770000e-09 2.028000e+01 6.004000e-06
6.780000e-09 2.027000e+01 5.946000e-06
6.790000e-09 2.026000e+01 5.888000e-06
6.800000e-09 2.025000e+01 5.830000e-06
6.810000e-09 2.024000e+01 5.774000e-06
6.820000e-09 2.023000e+01 5.718000e-06
6.830000e-09 2.022000e+01 5.663000e-06
6.840000e-09 2.020000e+01 5.609000e-06
6.850000e-09 2.019000e+01 5.556000e-06
6.860000e-09 2.018000e+01 5.503000e-06
6.870000e-09 2.017000e+01 5.451000e-06
6.880000e-09 2.016000e+01 5.400000e-06
6.890000e-09 2.014000e+01 5.349000e-06
6.900000e-09 2.013000e+01 5.299000e-06
6.910000e-09 2.012000e+01 5.249000e-06
6.920000e-09 2.010000e+01 5.200000e-06
6.930000e-09 2.009000e+01 5.152000e-06
6.940000e-09 2.007000e+01 5.104000e-06
6.950000e-09 2.006000e+01 5.057000e-06
6.960000e-09 2.005000e+01 5.010000e-06
6.970000e-09 2.003000e+01 4.964000e-06
6.980000e-09 2.002000e+01 4.918000e-06
6.990000e-09 2.000000e+01 4.873000e-06
7.000000e-09 1.999000e+01 4.828000e-06
7.010000e-09 1.997000e+01 4.784000e-06
7.020000e-09 1.996000e+01 4.740000e-06
7.030000e-09 1.994000e+01 4.697000e-06
7.040000e-09 1.993000e+01 4.655000e-06
7.050000e-09 1.991000e+01 4.613000e-06
7.060000e-09 1.990000e+01 4.571000e-06
7.070000e-09 1.988000e+01 4.530000e-06
7.080000e-09 1.987000e+01 4.489000e-06
7.090000e-09 1.985000e+01 4.449000e-06
7.100000e-09 1.984000e+01 4.409000e-06
7.110000e-09 1.982000e+01 4.370000e-06
7.120000e-09 1.981000e+01 4.331000e-06
7.130000e-09 1.979000e+01 4.293000e-06
7.140000e-09 1.978000e+01 4.255000e-06
7.150000e-09 1.976000e+01 4.217000e-06
7.160000e-09 1.975000e+01 4.180000e-06
7.170000e-09 1.973000e+01 4.144000e-06
7.180000e-09 1.972000e+01 4.108000e-06
7.190000e-09 1.970000e+01 4.072000e-06
7.200000e-09 1.969000e+01 4.037000e-06
7.210000e-09 1.967000e+01 4.002000e-06
7.220000e-09 1.966000e+01 3.967000e-06
7.230000e-09 1.964000e+01 3.933000e-06
7.240000e-09 1.963000e+01 3.899000e-06
7.250000e-09 1.961000e+01 3.866000e-06
7.260000e-09 1.960000e+01 3.833000e-06
7.270000e-09 1.958000e+01 3.800000e-06
7.280000e-09 1.957000e+01 3.768000e-06
7.290000e-09 1.955000e+01 3.736000e-06
7.300000e-09 1.954000e+01 3.704000e-06
7.310000e-09 1.952000e+01 3.673000e-06
7.320000e-09 1.951000e+01 3.642000e-06
7.330000e-09 1.949000e+01 3.611000e-06
7.340000e-09 1.948000e+01 3.581000e-06
7.350000e-09 1.946000e+01 3.551000e-06
7.360000e-09 1.945000e+01 3.521000e-06
7.370000e-09 1.944000e+01 3.492000e-06
7.380000e-09 1.942000e+01 3.463000e-06
7.390000e-09 1.941000e+01 3.434000e-06
7.400000e-09 1.939000e+01 3.406000e-06
7.410000e-09 1.938000e+01 3.378000e-06
7.420000e-09 1.936000e+01 3.350000e-06
7.430000e-09 1.935000e+01 3.323000e-06
7.440000e-09 1.933000e+01 3.295000e-06
7.450000e-09 1.932000e+01 3.268000e-06
7.460000e-09 1.930000e+01 3.242000e-06
7.470000e-09 1.929000e+01 3.215000e-06
7.480000e-09 1.928000e+01 3.189000e-06
7.490000e-09 1.926000e+01 3.163000e-06
7.500000e-09 1.925000e+01 3.138000e-06
7.510000e-09 1.923000e+01 3.112000e-06
7.520000e-09 1.922000e+01 3.087000e-06
7.530000e-09 1.920000e+01 3.062000e-06
7.540000e-09 1.919000e+01 3.037000e-06
7.550000e-09 1.917000e+01 3.013000e-06
7.560000e-09 1.916000e+01 2.989000e-06
7.570000e-09 1.915000e+01 2.965000e-06
7.580000e-09 1.913000e+01 2.941000e-06
7.590000e-09 1.912000e+01 2.918000e-06
7.600000e-09 1.910000e+01 2.894000e-06
7.610000e-09 1.909000e+01 2.871000e-06
7.620000e-09 1.907000e+01 2.848000e-06
7.630000e-09 1.906000e+01 2.825000e-06
7.640000e-09 1.905000e+01 2.803000e-06
7.650000e-09 1.903000e+01 2.780000e-06
7.660000e-09 1.902000e+01 2.758000e-06
7.670000e-09 1.900000e+01 2.736000e-06
7.680000e-09 1.899000e+01 2.714000e-06
7.690000e-09 1.897000e+01 2.693000e-06
7.700000e-09 1.896000e+01 2.671000e-06
7.710000e-09 1.895000e+01 2.650000e-06
7.720000e-09 1.893000e+01 2.629000e-06
7.730000e-09 1.892000e+01 2.608000e-06
7.740000e-09 1.890000e+01 2.587000e-06
7.750000e-09 1.889000e+01 2.566000e-06
7.760000e-09 1.887000e+01 2.545000e-06
7.770000e-09 1.886000e+01 2.525000e-06
7.780000e-09 1.884000e+01 2.504000e-06
7.790000e-09 1.883000e+01 2.484000e-06
7.800000e-09 1.882000e+01 2.464000e-06
7.810000e-09 1.880000e+01 2.444000e-06
7.820000e-09 1.879000e+01 2.425000e-06
7.830000e-09 1.877000e+01 2.405000e-06
7.840000e-09 1.876000e+01 2.386000e-06
7.850000e-09 1.874000e+01 2.367000e-06
7.860000e-09 1.873000e+01 2.348000e-06
7.870000e-09 1.871000e+01 2.330000e-06
7.880000e-09 1.870000e+01 2.312000e-06
7.890000e-09 1.868000e+01 2.294000e-06
7.900000e-09 1.867000e+01 2.277000e-06
7.910000e-09 1.866000e+01 2.261000e-06
7.920000e-09 1.864000e+01 2.244000e-06
7.930000e-09 1.863000e+01 2.229000e-06
7.940000e-09 1.861000e+01 2.213000e-06
7.950000e-09 1.860000e+01 2.199000e-06
7.960000e-09 1.858000e+01 2.185000e-06
7.970000e-09 1.857000e+01 2.172000e-06
7.980000e-09 1.855000e+01 2.160000e-06
7.990000e-09 1.854000e+01 2.148000e-06
8.000000e-09 1.853000e+01 2.137000e-06
