time te rho
4.010000e-09 9.909000e+00 4.233000e-03
4.020000e-09 1.000000e+01 4.173000e-03
4.030000e-09 1.009000e+01 4.114000e-03
4.040000e-09 1.018000e+01 4.058000e-03
4.050000e-09 1.027000e+01 4.003000e-03
4.060000e-09 1.036000e+01 3.950000e-03
4.070000e-09 1.046000e+01 3.898000e-03
4.080000e-09 1.055000e+01 3.848000e-03
4.090000e-09 1.064000e+01 3.800000e-03
4.100000e-09 1.073000e+01 3.753000e-03
4.110000e-09 1.082000e+01 3.708000e-03
4.120000e-09 1.091000e+01 3.664000e-03
4.130000e-09 1.100000e+01 3.621000e-03
4.140000e-09 1.110000e+01 3.580000e-03
4.150000e-09 1.119000e+01 3.540000e-03
4.160000e-09 1.128000e+01 3.501000e-03
4.170000e-09 1.137000e+01 3.463000e-03
4.180000e-09 1.147000e+01 3.426000e-03
4.190000e-09 1.156000e+01 3.390000e-03
4.200000e-09 1.165000e+01 3.355000e-03
4.210000e-09 1.175000e+01 3.321000e-03
4.220000e-09 1.184000e+01 3.288000e-03
4.230000e-09 1.194000e+01 3.256000e-03
4.240000e-09 1.203000e+01 3.225000e-03
4.250000e-09 1.213000e+01 3.194000e-03
4.260000e-09 1.223000e+01 3.164000e-03
4.270000e-09 1.232000e+01 3.134000e-03
4.280000e-09 1.242000e+01 3.106000e-03
4.290000e-09 1.252000e+01 3.077000e-03
4.300000e-09 1.262000e+01 3.050000e-03
4.310000e-09 1.272000e+01 3.023000e-03
4.320000e-09 1.282000e+01 2.996000e-03
4.330000e-09 1.292000e+01 2.970000e-03
4.340000e-09 1.302000e+01 2.944000e-03
4.350000e-09 1.312000e+01 2.919000e-03
4.360000e-09 1.322000e+01 2.894000e-03
4.370000e-09 1.332000e+01 2.869000e-03
4.380000e-09 1.342000e+01 2.845000e-03
4.390000e-09 1.353000e+01 2.821000e-03
4.400000e-09 1.363000e+01 2.798000e-03
4.410000e-09 1.373000e+01 2.774000e-03
4.420000e-09 1.384000e+01 2.752000e-03
4.430000e-09 1.394000e+01 2.729000e-03
4.440000e-09 1.404000e+01 2.707000e-03
4.450000e-09 1.415000e+01 2.685000e-03
4.460000e-09 1.425000e+01 2.663000e-03
4.470000e-09 1.436000e+01 2.641000e-03
4.480000e-09 1.446000e+01 2.620000e-03
4.490000e-09 1.457000e+01 2.599000e-03
4.500000e-09 1.468000e+01 2.578000e-03
4.510000e-09 1.478000e+01 2.557000e-03
4.520000e-09 1.489000e+01 2.537000e-03
4.530000e-09 1.500000e+01 2.517000e-03
4.540000e-09 1.510000e+01 2.497000e-03
4.550000e-09 1.521000e+01 2.477000e-03
4.560000e-09 1.532000e+01 2.457000e-03
4.570000e-09 1.542000e+01 2.438000e-03
4.580000e-09 1.553000e+01 2.419000e-03
4.590000e-09 1.564000e+01 2.400000e-03
4.600000e-09 1.575000e+01 2.381000e-03
4.610000e-09 1.585000e+01 2.363000e-03
4.620000e-09 1.596000e+01 2.344000e-03
4.630000e-09 1.607000e+01 2.326000e-03
4.640000e-09 1.618000e+01 2.308000e-03
4.650000e-09 1.629000e+01 2.291000e-03
4.660000e-09 1.639000e+01 2.273000e-03
4.670000e-09 1.650000e+01 2.256000e-03
4.680000e-09 1.661000e+01 2.239000e-03
4.690000e-09 1.672000e+01 2.222000e-03
4.700000e-09 1.682000e+01 2.205000e-03
4.710000e-09 1.693000e+01 2.189000e-03
4.720000e-09 1.704000e+01 2.172000e-03
4.730000e-09 1.715000e+01 2.156000e-03
4.740000e-09 1.725000e+01 2.140000e-03
4.750000e-09 1.736000e+01 2.125000e-03
4.760000e-09 1.747000e+01 2.109000e-03
4.770000e-09 1.757000e+01 2.094000e-03
4.780000e-09 1.768000e+01 2.079000e-03
4.790000e-09 1.779000e+01 2.064000e-03
4.800000e-09 1.790000e+01 2.049000e-03
4.810000e-09 1.800000e+01 2.034000e-03
4.820000e-09 1.811000e+01 2.020000e-03
4.830000e-09 1.822000e+01 2.006000e-03
4.840000e-09 1.832000e+01 1.991000e-03
4.850000e-09 1.843000e+01 1.977000e-03
4.860000e-09 1.854000e+01 1.963000e-03
4.870000e-09 1.865000e+01 1.950000e-03
4.880000e-09 1.875000e+01 1.936000e-03
4.890000e-09 1.886000e+01 1.922000e-03
4.900000e-09 1.897000e+01 1.909000e-03
4.910000e-09 1.907000e+01 1.895000e-03
4.920000e-09 1.918000e+01 1.882000e-03
4.930000e-09 1.929000e+01 1.868000e-03
4.940000e-09 1.939000e+01 1.855000e-03
4.950000e-09 1.950000e+01 1.842000e-03
4.960000e-09 1.961000e+01 1.829000e-03
4.970000e-09 1.971000e+01 1.816000e-03
4.980000e-09 1.982000e+01 1.803000e-03
4.990000e-09 1.993000e+01 1.790000e-03
5.000000e-09 2.003000e+01 1.777000e-03
5.010000e-09 2.014000e+01 1.764000e-03
5.020000e-09 2.024000e+01 1.752000e-03
5.030000e-09 2.035000e+01 1.739000e-03
5.040000e-09 2.045000e+01 1.726000e-03
5.050000e-09 2.055000e+01 1.713000e-03
5.060000e-09 2.066000e+01 1.701000e-03
5.070000e-09 2.076000e+01 1.688000e-03
5.080000e-09 2.087000e+01 1.676000e-03
5.090000e-09 2.097000e+01 1.663000e-03
5.100000e-09 2.107000e+01 1.651000e-03
5.110000e-09 2.117000e+01 1.639000e-03
5.120000e-09 2.128000e+01 1.626000e-03
5.130000e-09 2.138000e+01 1.614000e-03
5.140000e-09 2.148000e+01 1.602000e-03
5.150000e-09 2.158000e+01 1.589000e-03
5.160000e-09 2.168000e+01 1.577000e-03
5.170000e-09 2.178000e+01 1.565000e-03
5.180000e-09 2.188000e+01 1.553000e-03
5.190000e-09 2.198000e+01 1.541000e-03
5.200000e-09 2.208000e+01 1.529000e-03
5.210000e-09 2.217000e+01 1.517000e-03
5.220000e-09 2.227000e+01 1.505000e-03
5.230000e-09 2.237000e+01 1.493000e-03
5.240000e-09 2.246000e+01 1.481000e-03
5.250000e-09 2.256000e+01 1.469000e-03
5.260000e-09 2.265000e+01 1.458000e-03
5.270000e-09 2.275000e+01 1.446000e-03
5.280000e-09 2.284000e+01 1.434000e-03
5.290000e-09 2.293000e+01 1.423000e-03
5.300000e-09 2.302000e+01 1.412000e-03
5.310000e-09 2.311000e+01 1.400000e-03
5.320000e-09 2.320000e+01 1.389000e-03
5.330000e-09 2.329000e+01 1.378000e-03
5.340000e-09 2.338000e+01 1.367000e-03
5.350000e-09 2.347000e+01 1.355000e-03
5.360000e-09 2.356000e+01 1.345000e-03
5.370000e-09 2.364000e+01 1.334000e-03
5.380000e-09 2.373000e+01 1.323000e-03
5.390000e-09 2.381000e+01 1.312000e-03
5.400000e-09 2.390000e+01 1.302000e-03
5.410000e-09 2.398000e+01 1.291000e-03
5.420000e-09 2.406000e+01 1.281000e-03
5.430000e-09 2.414000e+01 1.270000e-03
5.440000e-09 2.422000e+01 1.260000e-03
5.450000e-09 2.430000e+01 1.250000e-03
5.460000e-09 2.438000e+01 1.240000e-03
5.470000e-09 2.446000e+01 1.230000e-03
5.480000e-09 2.453000e+01 1.220000e-03
5.490000e-09 2.461000e+01 1.211000e-03
5.500000e-09 2.468000e+01 1.201000e-03
5.510000e-09 2.476000e+01 1.192000e-03
5.520000e-09 2.483000e+01 1.182000e-03
5.530000e-09 2.490000e+01 1.173000e-03
5.540000e-09 2.497000e+01 1.164000e-03
5.550000e-09 2.504000e+01 1.154000e-03
5.560000e-09 2.511000e+01 1.145000e-03
5.570000e-09 2.518000e+01 1.136000e-03
5.580000e-09 2.525000e+01 1.128000e-03
5.590000e-09 2.532000e+01 1.119000e-03
5.600000e-09 2.538000e+01 1.110000e-03
5.610000e-09 2.545000e+01 1.102000e-03
5.620000e-09 2.551000e+01 1.093000e-03
5.630000e-09 2.558000e+01 1.085000e-03
5.640000e-09 2.564000e+01 1.076000e-03
5.650000e-09 2.570000e+01 1.068000e-03
5.660000e-09 2.576000e+01 1.060000e-03
5.670000e-09 2.582000e+01 1.052000e-03
5.680000e-09 2.588000e+01 1.044000e-03
5.690000e-09 2.594000e+01 1.036000e-03
5.700000e-09 2.599000e+01 1.028000e-03
5.710000e-09 2.605000e+01 1.020000e-03
5.720000e-09 2.610000e+01 1.013000e-03
5.730000e-09 2.616000e+01 1.005000e-03
5.740000e-09 2.621000e+01 9.976000e-04
5.750000e-09 2.626000e+01 9.901000e-04
5.760000e-09 2.631000e+01 9.827000e-04
5.770000e-09 2.637000e+01 9.753000e-04
5.780000e-09 2.642000e+01 9.680000e-04
5.790000e-09 2.646000e+01 9.608000e-04
5.800000e-09 2.651000e+01 9.537000e-04
5.810000e-09 2.656000e+01 9.466000e-04
5.820000e-09 2.661000e+01 9.396000e-04
5.830000e-09 2.665000e+01 9.326000e-04
5.840000e-09 2.670000e+01 9.257000e-04
5.850000e-09 2.674000e+01 9.189000e-04
5.860000e-09 2.679000e+01 9.121000e-04
5.870000e-09 2.683000e+01 9.054000e-04
5.880000e-09 2.687000e+01 8.987000e-04
5.890000e-09 2.691000e+01 8.922000e-04
5.900000e-09 2.695000e+01 8.856000e-04
5.910000e-09 2.699000e+01 8.791000e-04
5.920000e-09 2.703000e+01 8.727000e-04
5.930000e-09 2.707000e+01 8.664000e-04
5.940000e-09 2.711000e+01 8.601000e-04
5.950000e-09 2.714000e+01 8.538000e-04
5.960000e-09 2.718000e+01 8.476000e-04
5.970000e-09 2.721000e+01 8.415000e-04
5.980000e-09 2.725000e+01 8.354000e-04
5.990000e-09 2.728000e+01 8.294000e-04
6.000000e-09 2.732000e+01 8.234000e-04
6.010000e-09 2.735000e+01 8.176000e-04
6.020000e-09 2.738000e+01 8.117000e-04
6.030000e-09 2.741000e+01 8.059000e-04
6.040000e-09 2.744000e+01 8.002000e-04
6.050000e-09 2.747000e+01 7.946000e-04
6.060000e-09 2.750000e+01 7.890000e-04
6.070000e-09 2.753000e+01 7.834000e-04
6.080000e-09 2.756000e+01 7.779000e-04
6.090000e-09 2.758000e+01 7.725000e-04
6.100000e-09 2.761000e+01 7.671000e-04
6.110000e-09 2.764000e+01 7.618000e-04
6.120000e-09 2.766000e+01 7.566000e-04
6.130000e-09 2.769000e+01 7.514000e-04
6.140000e-09 2.771000e+01 7.462000e-04
6.150000e-09 2.773000e+01 7.411000e-04
6.160000e-09 2.776000e+01 7.361000e-04
6.170000e-09 2.778000e+01 7.311000e-04
6.180000e-09 2.780000e+01 7.262000e-04
6.190000e-09 2.782000e+01 7.213000e-04
6.200000e-09 2.784000e+01 7.164000e-04
6.210000e-09 2.786000e+01 7.116000e-04
6.220000e-09 2.788000e+01 7.069000e-04
6.230000e-09 2.790000e+01 7.022000e-04
6.240000e-09 2.791000e+01 6.976000e-04
6.250000e-09 2.793000e+01 6.930000e-04
6.260000e-09 2.795000e+01 6.884000e-04
6.270000e-09 2.796000e+01 6.839000e-04
6.280000e-09 2.798000e+01 6.794000e-04
6.290000e-09 2.799000e+01 6.750000e-04
6.300000e-09 2.801000e+01 6.706000e-04
6.310000e-09 2.802000e+01 6.662000e-04
6.320000e-09 2.803000e+01 6.619000e-04
6.330000e-09 2.805000e+01 6.576000e-04
6.340000e-09 2.806000e+01 6.534000e-04
6.350000e-09 2.807000e+01 6.492000e-04
6.360000e-09 2.808000e+01 6.451000e-04
6.370000e-09 2.809000e+01 6.409000e-04
6.380000e-09 2.810000e+01 6.369000e-04
6.390000e-09 2.811000e+01 6.328000e-04
6.400000e-09 2.812000e+01 6.288000e-04
6.410000e-09 2.813000e+01 6.248000e-04
6.420000e-09 2.813000e+01 6.209000e-04
6.430000e-09 2.814000e+01 6.170000e-04
6.440000e-09 2.815000e+01 6.131000e-04
6.450000e-09 2.815000e+01 6.092000e-04
6.460000e-09 2.816000e+01 6.054000e-04
6.470000e-09 2.817000e+01 6.016000e-04
6.480000e-09 2.817000e+01 5.979000e-04
6.490000e-09 2.818000e+01 5.942000e-04
6.500000e-09 2.818000e+01 5.905000e-04
6.510000e-09 2.819000e+01 5.869000e-04
6.520000e-09 2.819000e+01 5.832000e-04
6.530000e-09 2.819000e+01 5.797000e-04
6.540000e-09 2.820000e+01 5.761000e-04
6.550000e-09 2.820000e+01 5.726000e-04
6.560000e-09 2.820000e+01 5.691000e-04
6.570000e-09 2.820000e+01 5.656000e-04
6.580000e-09 2.820000e+01 5.622000e-04
6.590000e-09 2.820000e+01 5.588000e-04
6.600000e-09 2.820000e+01 5.554000e-04
6.610000e-09 2.820000e+01 5.521000e-04
6.620000e-09 2.820000e+01 5.488000e-04
6.630000e-09 2.820000e+01 5.455000e-04
6.640000e-09 2.820000e+01 5.423000e-04
6.650000e-09 2.819000e+01 5.392000e-04
6.660000e-09 2.819000e+01 5.360000e-04
6.670000e-09 2.818000e+01 5.329000e-04
6.680000e-09 2.818000e+01 5.299000e-04
6.690000e-09 2.817000e+01 5.269000e-04
6.700000e-09 2.816000e+01 5.239000e-04
6.710000e-09 2.815000e+01 5.211000e-04
6.720000e-09 2.814000e+01 5.182000e-04
6.730000e-09 2.813000e+01 5.155000e-04
6.740000e-09 2.811000e+01 5.128000e-04
6.750000e-09 2.809000e+01 5.102000e-04
6.760000e-09 2.807000e+01 5.076000e-04
6.770000e-09 2.805000e+01 5.051000e-04
6.780000e-09 2.803000e+01 5.027000e-04
6.790000e-09 2.800000e+01 5.004000e-04
6.800000e-09 2.797000e+01 4.981000e-04
6.810000e-09 2.794000e+01 4.959000e-04
6.820000e-09 2.791000e+01 4.937000e-04
6.830000e-09 2.788000e+01 4.916000e-04
6.840000e-09 2.784000e+01 4.895000e-04
6.850000e-09 2.781000e+01 4.874000e-04
6.860000e-09 2.777000e+01 4.853000e-04
6.870000e-09 2.773000e+01 4.833000e-04
6.880000e-09 2.770000e+01 4.812000e-04
6.890000e-09 2.766000e+01 4.792000e-04
6.900000e-09 2.762000e+01 4.771000e-04
6.910000e-09 2.759000e+01 4.750000e-04
6.920000e-09 2.755000e+01 4.728000e-04
6.930000e-09 2.752000e+01 4.706000e-04
6.940000e-09 2.749000e+01 4.683000e-04
6.950000e-09 2.746000e+01 4.660000e-04
6.960000e-09 2.743000e+01 4.636000e-04
6.970000e-09 2.740000e+01 4.612000e-04
6.980000e-09 2.738000e+01 4.588000e-04
6.990000e-09 2.735000e+01 4.562000e-04
7.000000e-09 2.733000e+01 4.537000e-04
7.010000e-09 2.731000e+01 4.511000e-04
7.020000e-09 2.729000e+01 4.485000e-04
7.030000e-09 2.727000e+01 4.458000e-04
7.040000e-09 2.725000e+01 4.432000e-04
7.050000e-09 2.724000e+01 4.405000e-04
7.060000e-09 2.722000e+01 4.379000e-04
7.070000e-09 2.720000e+01 4.353000e-04
7.080000e-09 2.719000e+01 4.326000e-04
7.090000e-09 2.717000e+01 4.300000e-04
7.100000e-09 2.716000e+01 4.275000e-04
7.110000e-09 2.714000e+01 4.249000e-04
7.120000e-09 2.713000e+01 4.224000e-04
7.130000e-09 2.711000e+01 4.199000e-04
7.140000e-09 2.709000e+01 4.174000e-04
7.150000e-09 2.708000e+01 4.150000e-04
7.160000e-09 2.706000e+01 4.126000e-04
7.170000e-09 2.704000e+01 4.102000e-04
7.180000e-09 2.702000e+01 4.079000e-04
7.190000e-09 2.701000e+01 4.055000e-04
7.200000e-09 2.699000e+01 4.032000e-04
7.210000e-09 2.697000e+01 4.010000e-04
7.220000e-09 2.695000e+01 3.987000e-04
7.230000e-09 2.693000e+01 3.965000e-04
7.240000e-09 2.691000e+01 3.943000e-04
7.250000e-09 2.689000e+01 3.921000e-04
7.260000e-09 2.687000e+01 3.899000e-04
7.270000e-09 2.685000e+01 3.878000e-04
7.280000e-09 2.682000e+01 3.857000e-04
7.290000e-09 2.680000e+01 3.835000e-04
7.300000e-09 2.678000e+01 3.814000e-04
7.310000e-09 2.676000e+01 3.794000e-04
7.320000e-09 2.674000e+01 3.773000e-04
7.330000e-09 2.671000e+01 3.753000e-04
7.340000e-09 2.669000e+01 3.732000e-04
7.350000e-09 2.667000e+01 3.712000e-04
7.360000e-09 2.664000e+01 3.692000e-04
7.370000e-09 2.662000e+01 3.672000e-04
7.380000e-09 2.660000e+01 3.653000e-04
7.390000e-09 2.657000e+01 3.633000e-04
7.400000e-09 2.655000e+01 3.614000e-04
7.410000e-09 2.652000e+01 3.594000e-04
7.420000e-09 2.650000e+01 3.575000e-04
7.430000e-09 2.647000e+01 3.556000e-04
7.440000e-09 2.645000e+01 3.537000e-04
7.450000e-09 2.642000e+01 3.519000e-04
7.460000e-09 2.640000e+01 3.500000e-04
7.470000e-09 2.637000e+01 3.482000e-04
7.480000e-09 2.635000e+01 3.463000e-04
7.490000e-09 2.632000e+01 3.445000e-04
7.500000e-09 2.630000e+01 3.427000e-04
7.510000e-09 2.627000e+01 3.409000e-04
7.520000e-09 2.624000e+01 3.391000e-04
7.530000e-09 2.622000e+01 3.374000e-04
7.540000e-09 2.619000e+01 3.356000e-04
7.550000e-09 2.617000e+01 3.339000e-04
7.560000e-09 2.614000e+01 3.322000e-04
7.570000e-09 2.611000e+01 3.305000e-04
7.580000e-09 2.609000e+01 3.288000e-04
7.590000e-09 2.606000e+01 3.271000e-04
7.600000e-09 2.603000e+01 3.254000e-04
7.610000e-09 2.601000e+01 3.237000e-04
7.620000e-09 2.598000e+01 3.221000e-04
7.630000e-09 2.596000e+01 3.205000e-04
7.640000e-09 2.593000e+01 3.188000e-04
7.650000e-09 2.590000e+01 3.172000e-04
7.660000e-09 2.588000e+01 3.156000e-04
7.670000e-09 2.585000e+01 3.140000e-04
7.680000e-09 2.582000e+01 3.125000e-04
7.690000e-09 2.580000e+01 3.109000e-04
7.700000e-09 2.577000e+01 3.094000e-04
7.710000e-09 2.574000e+01 3.078000e-04
7.720000e-09 2.572000e+01 3.063000e-04
7.730000e-09 2.569000e+01 3.048000e-04
7.740000e-09 2.566000e+01 3.032000e-04
7.750000e-09 2.564000e+01 3.017000e-04
7.760000e-09 2.561000e+01 3.002000e-04
7.770000e-09 2.558000e+01 2.988000e-04
7.780000e-09 2.555000e+01 2.973000e-04
7.790000e-09 2.553000e+01 2.958000e-04
7.800000e-09 2.550000e+01 2.944000e-04
7.810000e-09 2.547000e+01 2.929000e-04
7.820000e-09 2.545000e+01 2.915000e-04
7.830000e-09 2.542000e+01 2.901000e-04
7.840000e-09 2.539000e+01 2.887000e-04
7.850000e-09 2.536000e+01 2.873000e-04
7.860000e-09 2.533000e+01 2.859000e-04
7.870000e-09 2.531000e+01 2.845000e-04
7.880000e-09 2.528000e+01 2.831000e-04
7.890000e-09 2.525000e+01 2.817000e-04
7.900000e-09 2.522000e+01 2.803000e-04
7.910000e-09 2.519000e+01 2.790000e-04
7.920000e-09 2.517000e+01 2.776000e-04
7.930000e-09 2.514000e+01 2.763000e-04
7.940000e-09 2.511000e+01 2.750000e-04
7.950000e-09 2.508000e+01 2.736000e-04
7.960000e-09 2.505000e+01 2.723000e-04
7.970000e-09 2.502000e+01 2.710000e-04
7.980000e-09 2.499000e+01 2.697000e-04
7.990000e-09 2.497000e+01 2.684000e-04
8.000000e-09 2.494000e+01 2.671000e-04
