time te rho
4.010000e-09 3.866000e+01 3.235000e-04
4.020000e-09 3.868000e+01 3.204000e-04
4.030000e-09 3.869000e+01 3.173000e-04
4.040000e-09 3.871000e+01 3.142000e-04
4.050000e-09 3.872000e+01 3.112000e-04
4.060000e-09 3.873000e+01 3.082000e-04
4.070000e-09 3.874000e+01 3.053000e-04
4.080000e-09 3.874000e+01 3.024000e-04
4.090000e-09 3.875000e+01 2.995000e-04
4.100000e-09 3.875000e+01 2.967000e-04
4.110000e-09 3.875000e+01 2.938000e-04
4.120000e-09 3.875000e+01 2.911000e-04
4.130000e-09 3.875000e+01 2.883000e-04
4.140000e-09 3.875000e+01 2.856000e-04
4.150000e-09 3.874000e+01 2.829000e-04
4.160000e-09 3.874000e+01 2.802000e-04
4.170000e-09 3.873000e+01 2.776000e-04
4.180000e-09 3.872000e+01 2.750000e-04
4.190000e-09 3.871000e+01 2.724000e-04
4.200000e-09 3.870000e+01 2.698000e-04
4.210000e-09 3.869000e+01 2.673000e-04
4.220000e-09 3.867000e+01 2.648000e-04
4.230000e-09 3.866000e+01 2.624000e-04
4.240000e-09 3.864000e+01 2.599000e-04
4.250000e-09 3.863000e+01 2.575000e-04
4.260000e-09 3.861000e+01 2.552000e-04
4.270000e-09 3.859000e+01 2.528000e-04
4.280000e-09 3.857000e+01 2.505000e-04
4.290000e-09 3.854000e+01 2.483000e-04
4.300000e-09 3.852000e+01 2.461000e-04
4.310000e-09 3.849000e+01 2.439000e-04
4.320000e-09 3.846000e+01 2.417000e-04
4.330000e-09 3.844000e+01 2.396000e-04
4.340000e-09 3.840000e+01 2.375000e-04
4.350000e-09 3.837000e+01 2.355000e-04
4.360000e-09 3.834000e+01 2.335000e-04
4.370000e-09 3.830000e+01 2.315000e-04
4.380000e-09 3.826000e+01 2.296000e-04
4.390000e-09 3.822000e+01 2.277000e-04
4.400000e-09 3.818000e+01 2.258000e-04
4.410000e-09 3.814000e+01 2.240000e-04
4.420000e-09 3.810000e+01 2.222000e-04
4.430000e-09 3.805000e+01 2.204000e-04
4.440000e-09 3.801000e+01 2.187000e-04
4.450000e-09 3.796000e+01 2.170000e-04
4.460000e-09 3.792000e+01 2.153000e-04
4.470000e-09 3.787000e+01 2.136000e-04
4.480000e-09 3.782000e+01 2.120000e-04
4.490000e-09 3.777000e+01 2.104000e-04
4.500000e-09 3.773000e+01 2.087000e-04
4.510000e-09 3.768000e+01 2.071000e-04
4.520000e-09 3.763000e+01 2.055000e-04
4.530000e-09 3.759000e+01 2.039000e-04
4.540000e-09 3.754000e+01 2.023000e-04
4.550000e-09 3.750000e+01 2.007000e-04
4.560000e-09 3.745000e+01 1.991000e-04
4.570000e-09 3.741000e+01 1.976000e-04
4.580000e-09 3.737000e+01 1.960000e-04
4.590000e-09 3.733000e+01 1.944000e-04
4.600000e-09 3.728000e+01 1.928000e-04
4.610000e-09 3.724000e+01 1.913000e-04
4.620000e-09 3.720000e+01 1.897000e-04
4.630000e-09 3.716000e+01 1.882000e-04
4.640000e-09 3.712000e+01 1.866000e-04
4.650000e-09 3.708000e+01 1.851000e-04
4.660000e-09 3.704000e+01 1.835000e-04
4.670000e-09 3.700000e+01 1.820000e-04
4.680000e-09 3.696000e+01 1.805000e-04
4.690000e-09 3.692000e+01 1.790000e-04
4.700000e-09 3.688000e+01 1.775000e-04
4.710000e-09 3.684000e+01 1.761000e-04
4.720000e-09 3.680000e+01 1.746000e-04
4.730000e-09 3.676000e+01 1.731000e-04
4.740000e-09 3.672000e+01 1.717000e-04
4.750000e-09 3.668000e+01 1.703000e-04
4.760000e-09 3.664000e+01 1.689000e-04
4.770000e-09 3.660000e+01 1.675000e-04
4.780000e-09 3.656000e+01 1.661000e-04
4.790000e-09 3.652000e+01 1.647000e-04
4.800000e-09 3.648000e+01 1.634000e-04
4.810000e-09 3.644000e+01 1.620000e-04
4.820000e-09 3.640000e+01 1.607000e-04
4.830000e-09 3.635000e+01 1.594000e-04
4.840000e-09 3.631000e+01 1.581000e-04
4.850000e-09 3.627000e+01 1.568000e-04
4.860000e-09 3.623000e+01 1.555000e-04
4.870000e-09 3.619000e+01 1.543000e-04
4.880000e-09 3.615000e+01 1.530000e-04
4.890000e-09 3.611000e+01 1.518000e-04
4.900000e-09 3.606000e+01 1.506000e-04
4.910000e-09 3.602000e+01 1.493000e-04
4.920000e-09 3.598000e+01 1.481000e-04
4.930000e-09 3.594000e+01 1.470000e-04
4.940000e-09 3.590000e+01 1.458000e-04
4.950000e-09 3.585000e+01 1.446000e-04
4.960000e-09 3.581000e+01 1.434000e-04
4.970000e-09 3.577000e+01 1.423000e-04
4.980000e-09 3.573000e+01 1.411000e-04
4.990000e-09 3.569000e+01 1.400000e-04
5.000000e-09 3.564000e+01 1.389000e-04
5.010000e-09 3.560000e+01 1.378000e-04
5.020000e-09 3.556000e+01 1.366000e-04
5.030000e-09 3.551000e+01 1.355000e-04
5.040000e-09 3.547000e+01 1.344000e-04
5.050000e-09 3.542000e+01 1.333000e-04
5.060000e-09 3.538000e+01 1.323000e-04
5.070000e-09 3.533000e+01 1.312000e-04
5.080000e-09 3.529000e+01 1.301000e-04
5.090000e-09 3.524000e+01 1.290000e-04
5.100000e-09 3.520000e+01 1.279000e-04
5.110000e-09 3.515000e+01 1.269000e-04
5.120000e-09 3.510000e+01 1.258000e-04
5.130000e-09 3.506000e+01 1.247000e-04
5.140000e-09 3.501000e+01 1.236000e-04
5.150000e-09 3.496000e+01 1.226000e-04
5.160000e-09 3.491000e+01 1.215000e-04
5.170000e-09 3.486000e+01 1.205000e-04
5.180000e-09 3.481000e+01 1.194000e-04
5.190000e-09 3.477000e+01 1.184000e-04
5.200000e-09 3.472000e+01 1.174000e-04
5.210000e-09 3.467000e+01 1.164000e-04
5.220000e-09 3.462000e+01 1.154000e-04
5.230000e-09 3.457000e+01 1.144000e-04
5.240000e-09 3.452000e+01 1.134000e-04
5.250000e-09 3.447000e+01 1.124000e-04
5.260000e-09 3.443000e+01 1.115000e-04
5.270000e-09 3.438000e+01 1.105000e-04
5.280000e-09 3.433000e+01 1.096000e-04
5.290000e-09 3.428000e+01 1.087000e-04
5.300000e-09 3.424000e+01 1.078000e-04
5.310000e-09 3.419000e+01 1.069000e-04
5.320000e-09 3.414000e+01 1.061000e-04
5.330000e-09 3.410000e+01 1.052000e-04
5.340000e-09 3.405000e+01 1.044000e-04
5.350000e-09 3.401000e+01 1.036000e-04
5.360000e-09 3.396000e+01 1.028000e-04
5.370000e-09 3.392000e+01 1.020000e-04
5.380000e-09 3.387000e+01 1.012000e-04
5.390000e-09 3.383000e+01 1.004000e-04
5.400000e-09 3.378000e+01 9.969000e-05
5.410000e-09 3.374000e+01 9.894000e-05
5.420000e-09 3.369000e+01 9.820000e-05
5.430000e-09 3.365000e+01 9.747000e-05
5.440000e-09 3.361000e+01 9.674000e-05
5.450000e-09 3.356000e+01 9.603000e-05
5.460000e-09 3.352000e+01 9.532000e-05
5.470000e-09 3.347000e+01 9.462000e-05
5.480000e-09 3.343000e+01 9.392000e-05
5.490000e-09 3.339000e+01 9.324000e-05
5.500000e-09 3.334000e+01 9.255000e-05
5.510000e-09 3.330000e+01 9.188000e-05
5.520000e-09 3.326000e+01 9.121000e-05
5.530000e-09 3.321000e+01 9.054000e-05
5.540000e-09 3.317000e+01 8.989000e-05
5.550000e-09 3.312000e+01 8.923000e-05
5.560000e-09 3.308000e+01 8.859000e-05
5.570000e-09 3.304000e+01 8.794000e-05
5.580000e-09 3.299000e+01 8.731000e-05
5.590000e-09 3.295000e+01 8.667000e-05
5.600000e-09 3.291000e+01 8.605000e-05
5.610000e-09 3.286000e+01 8.542000e-05
5.620000e-09 3.282000e+01 8.481000e-05
5.630000e-09 3.277000e+01 8.420000e-05
5.640000e-09 3.273000e+01 8.359000e-05
5.650000e-09 3.269000e+01 8.299000e-05
5.660000e-09 3.264000e+01 8.239000e-05
5.670000e-09 3.260000e+01 8.179000e-05
5.680000e-09 3.255000e+01 8.121000e-05
5.690000e-09 3.251000e+01 8.062000e-05
5.700000e-09 3.246000e+01 8.004000e-05
5.710000e-09 3.242000e+01 7.947000e-05
5.720000e-09 3.238000e+01 7.890000e-05
5.730000e-09 3.233000e+01 7.833000e-05
5.740000e-09 3.229000e+01 7.777000e-05
5.750000e-09 3.224000e+01 7.722000e-05
5.760000e-09 3.220000e+01 7.666000e-05
5.770000e-09 3.215000e+01 7.612000e-05
5.780000e-09 3.211000e+01 7.557000e-05
5.790000e-09 3.206000e+01 7.503000e-05
5.800000e-09 3.202000e+01 7.450000e-05
5.810000e-09 3.198000e+01 7.396000e-05
5.820000e-09 3.193000e+01 7.343000e-05
5.830000e-09 3.189000e+01 7.291000e-05
5.840000e-09 3.184000e+01 7.239000e-05
5.850000e-09 3.180000e+01 7.187000e-05
5.860000e-09 3.175000e+01 7.135000e-05
5.870000e-09 3.171000e+01 7.084000e-05
5.880000e-09 3.166000e+01 7.033000e-05
5.890000e-09 3.162000e+01 6.982000e-05
5.900000e-09 3.157000e+01 6.931000e-05
5.910000e-09 3.153000e+01 6.881000e-05
5.920000e-09 3.148000e+01 6.831000e-05
5.930000e-09 3.144000e+01 6.780000e-05
5.940000e-09 3.139000e+01 6.730000e-05
5.950000e-09 3.134000e+01 6.680000e-05
5.960000e-09 3.130000e+01 6.630000e-05
5.970000e-09 3.125000e+01 6.580000e-05
5.980000e-09 3.121000e+01 6.530000e-05
5.990000e-09 3.116000e+01 6.481000e-05
6.000000e-09 3.111000e+01 6.431000e-05
6.010000e-09 3.107000e+01 6.381000e-05
6.020000e-09 3.102000e+01 6.332000e-05
6.030000e-09 3.098000e+01 6.282000e-05
6.040000e-09 3.093000e+01 6.233000e-05
6.050000e-09 3.088000e+01 6.185000e-05
6.060000e-09 3.084000e+01 6.136000e-05
6.070000e-09 3.079000e+01 6.088000e-05
6.080000e-09 3.074000e+01 6.040000e-05
6.090000e-09 3.070000e+01 5.993000e-05
6.100000e-09 3.065000e+01 5.946000e-05
6.110000e-09 3.061000e+01 5.900000e-05
6.120000e-09 3.056000e+01 5.854000e-05
6.130000e-09 3.051000e+01 5.809000e-05
6.140000e-09 3.047000e+01 5.765000e-05
6.150000e-09 3.042000e+01 5.721000e-05
6.160000e-09 3.038000e+01 5.678000e-05
6.170000e-09 3.034000e+01 5.636000e-05
6.180000e-09 3.029000e+01 5.594000e-05
6.190000e-09 3.025000e+01 5.553000e-05
6.200000e-09 3.020000e+01 5.513000e-05
6.210000e-09 3.016000e+01 5.473000e-05
6.220000e-09 3.012000e+01 5.434000e-05
6.230000e-09 3.008000e+01 5.395000e-05
6.240000e-09 3.004000e+01 5.357000e-05
6.250000e-09 2.999000e+01 5.319000e-05
6.260000e-09 2.995000e+01 5.282000e-05
6.270000e-09 2.991000e+01 5.245000e-05
6.280000e-09 2.987000e+01 5.209000e-05
6.290000e-09 2.984000e+01 5.173000e-05
6.300000e-09 2.980000e+01 5.137000e-05
6.310000e-09 2.976000e+01 5.102000e-05
6.320000e-09 2.972000e+01 5.067000e-05
6.330000e-09 2.969000e+01 5.032000e-05
6.340000e-09 2.965000e+01 4.998000e-05
6.350000e-09 2.962000e+01 4.964000e-05
6.360000e-09 2.958000e+01 4.930000e-05
6.370000e-09 2.955000e+01 4.897000e-05
6.380000e-09 2.952000e+01 4.864000e-05
6.390000e-09 2.948000e+01 4.831000e-05
6.400000e-09 2.945000e+01 4.798000e-05
6.410000e-09 2.942000e+01 4.766000e-05
6.420000e-09 2.939000e+01 4.733000e-05
6.430000e-09 2.936000e+01 4.702000e-05
6.440000e-09 2.932000e+01 4.670000e-05
6.450000e-09 2.929000e+01 4.639000e-05
6.460000e-09 2.926000e+01 4.608000e-05
6.470000e-09 2.923000e+01 4.577000e-05
6.480000e-09 2.919000e+01 4.547000e-05
6.490000e-09 2.916000e+01 4.517000e-05
6.500000e-09 2.912000e+01 4.487000e-05
6.510000e-09 2.909000e+01 4.457000e-05
6.520000e-09 2.905000e+01 4.428000e-05
6.530000e-09 2.902000e+01 4.399000e-05
6.540000e-09 2.898000e+01 4.370000e-05
6.550000e-09 2.894000e+01 4.341000e-05
6.560000e-09 2.890000e+01 4.313000e-05
6.570000e-09 2.887000e+01 4.285000e-05
6.580000e-09 2.883000e+01 4.257000e-05
6.590000e-09 2.879000e+01 4.230000e-05
6.600000e-09 2.875000e+01 4.203000e-05
6.610000e-09 2.871000e+01 4.176000e-05
6.620000e-09 2.867000e+01 4.149000e-05
6.630000e-09 2.863000e+01 4.122000e-05
6.640000e-09 2.859000e+01 4.096000e-05
6.650000e-09 2.855000e+01 4.069000e-05
6.660000e-09 2.851000e+01 4.043000e-05
6.670000e-09 2.847000e+01 4.018000e-05
6.680000e-09 2.843000e+01 3.992000e-05
6.690000e-09 2.839000e+01 3.967000e-05
6.700000e-09 2.834000e+01 3.941000e-05
6.710000e-09 2.830000e+01 3.916000e-05
6.720000e-09 2.826000e+01 3.891000e-05
6.730000e-09 2.822000e+01 3.866000e-05
6.740000e-09 2.818000e+01 3.842000e-05
6.750000e-09 2.814000e+01 3.817000e-05
6.760000e-09 2.810000e+01 3.793000e-05
6.770000e-09 2.806000e+01 3.769000e-05
6.780000e-09 2.802000e+01 3.745000e-05
6.790000e-09 2.797000e+01 3.720000e-05
6.800000e-09 2.793000e+01 3.697000e-05
6.810000e-09 2.789000e+01 3.673000e-05
6.820000e-09 2.785000e+01 3.649000e-05
6.830000e-09 2.781000e+01 3.625000e-05
6.840000e-09 2.776000e+01 3.601000e-05
6.850000e-09 2.772000e+01 3.578000e-05
6.860000e-09 2.768000e+01 3.554000e-05
6.870000e-09 2.763000e+01 3.530000e-05
6.880000e-09 2.759000e+01 3.506000e-05
6.890000e-09 2.754000e+01 3.482000e-05
6.900000e-09 2.749000e+01 3.459000e-05
6.910000e-09 2.745000e+01 3.434000e-05
6.920000e-09 2.740000e+01 3.410000e-05
6.930000e-09 2.735000e+01 3.386000e-05
6.940000e-09 2.730000e+01 3.362000e-05
6.950000e-09 2.725000e+01 3.337000e-05
6.960000e-09 2.720000e+01 3.313000e-05
6.970000e-09 2.715000e+01 3.288000e-05
6.980000e-09 2.709000e+01 3.264000e-05
6.990000e-09 2.704000e+01 3.239000e-05
7.000000e-09 2.699000e+01 3.214000e-05
7.010000e-09 2.693000e+01 3.190000e-05
7.020000e-09 2.688000e+01 3.165000e-05
7.030000e-09 2.683000e+01 3.141000e-05
7.040000e-09 2.677000e+01 3.117000e-05
7.050000e-09 2.672000e+01 3.093000e-05
7.060000e-09 2.667000e+01 3.070000e-05
7.070000e-09 2.662000e+01 3.046000e-05
7.080000e-09 2.657000e+01 3.023000e-05
7.090000e-09 2.652000e+01 3.001000e-05
7.100000e-09 2.647000e+01 2.979000e-05
7.110000e-09 2.642000e+01 2.957000e-05
7.120000e-09 2.637000e+01 2.935000e-05
7.130000e-09 2.632000e+01 2.914000e-05
7.140000e-09 2.628000e+01 2.894000e-05
7.150000e-09 2.623000e+01 2.874000e-05
7.160000e-09 2.619000e+01 2.854000e-05
7.170000e-09 2.615000e+01 2.834000e-05
7.180000e-09 2.611000e+01 2.815000e-05
7.190000e-09 2.606000e+01 2.797000e-05
7.200000e-09 2.602000e+01 2.778000e-05
7.210000e-09 2.598000e+01 2.760000e-05
7.220000e-09 2.594000e+01 2.743000e-05
7.230000e-09 2.591000e+01 2.725000e-05
7.240000e-09 2.587000e+01 2.708000e-05
7.250000e-09 2.583000e+01 2.691000e-05
7.260000e-09 2.579000e+01 2.674000e-05
7.270000e-09 2.575000e+01 2.657000e-05
7.280000e-09 2.572000e+01 2.641000e-05
7.290000e-09 2.568000e+01 2.624000e-05
7.300000e-09 2.564000e+01 2.608000e-05
7.310000e-09 2.561000e+01 2.592000e-05
7.320000e-09 2.557000e+01 2.576000e-05
7.330000e-09 2.554000e+01 2.560000e-05
7.340000e-09 2.550000e+01 2.544000e-05
7.350000e-09 2.546000e+01 2.528000e-05
7.360000e-09 2.543000e+01 2.513000e-05
7.370000e-09 2.539000e+01 2.497000e-05
7.380000e-09 2.536000e+01 2.482000e-05
7.390000e-09 2.532000e+01 2.466000e-05
7.400000e-09 2.528000e+01 2.451000e-05
7.410000e-09 2.525000e+01 2.435000e-05
7.420000e-09 2.521000e+01 2.420000e-05
7.430000e-09 2.518000e+01 2.404000e-05
7.440000e-09 2.514000e+01 2.389000e-05
7.450000e-09 2.511000e+01 2.374000e-05
7.460000e-09 2.507000e+01 2.358000e-05
7.470000e-09 2.503000e+01 2.343000e-05
7.480000e-09 2.500000e+01 2.328000e-05
7.490000e-09 2.496000e+01 2.312000e-05
7.500000e-09 2.493000e+01 2.297000e-05
7.510000e-09 2.489000e+01 2.282000e-05
7.520000e-09 2.486000e+01 2.267000e-05
7.530000e-09 2.482000e+01 2.252000e-05
7.540000e-09 2.479000e+01 2.236000e-05
7.550000e-09 2.475000e+01 2.222000e-05
7.560000e-09 2.471000e+01 2.207000e-05
7.570000e-09 2.468000e+01 2.192000e-05
7.580000e-09 2.465000e+01 2.177000e-05
7.590000e-09 2.461000e+01 2.163000e-05
7.600000e-09 2.458000e+01 2.149000e-05
7.610000e-09 2.454000e+01 2.134000e-05
7.620000e-09 2.451000e+01 2.120000e-05
7.630000e-09 2.447000e+01 2.107000e-05
7.640000e-09 2.444000e+01 2.093000e-05
7.650000e-09 2.441000e+01 2.080000e-05
7.660000e-09 2.437000e+01 2.067000e-05
7.670000e-09 2.434000e+01 2.054000e-05
7.680000e-09 2.431000e+01 2.041000e-05
7.690000e-09 2.428000e+01 2.028000e-05
7.700000e-09 2.424000e+01 2.016000e-05
7.710000e-09 2.421000e+01 2.004000e-05
7.720000e-09 2.418000e+01 1.992000e-05
7.730000e-09 2.415000e+01 1.980000e-05
7.740000e-09 2.412000e+01 1.968000e-05
7.750000e-09 2.409000e+01 1.956000e-05
7.760000e-09 2.406000e+01 1.945000e-05
7.770000e-09 2.403000e+01 1.933000e-05
7.780000e-09 2.399000e+01 1.922000e-05
7.790000e-09 2.396000e+01 1.911000e-05
7.800000e-09 2.393000e+01 1.900000e-05
7.810000e-09 2.390000e+01 1.889000e-05
7.820000e-09 2.387000e+01 1.878000e-05
7.830000e-09 2.384000e+01 1.867000e-05
7.840000e-09 2.381000e+01 1.856000e-05
7.850000e-09 2.378000e+01 1.845000e-05
7.860000e-09 2.375000e+01 1.835000e-05
7.870000e-09 2.372000e+01 1.824000e-05
7.880000e-09 2.369000e+01 1.814000e-05
7.890000e-09 2.366000e+01 1.804000e-05
7.900000e-09 2.363000e+01 1.793000e-05
7.910000e-09 2.360000e+01 1.783000e-05
7.920000e-09 2.357000e+01 1.773000e-05
7.930000e-09 2.354000e+01 1.763000e-05
7.940000e-09 2.351000e+01 1.753000e-05
7.950000e-09 2.349000e+01 1.743000e-05
7.960000e-09 2.346000e+01 1.733000e-05
7.970000e-09 2.343000e+01 1.723000e-05
7.980000e-09 2.340000e+01 1.713000e-05
7.990000e-09 2.337000e+01 1.704000e-05
8.000000e-09 2.334000e+01 1.694000e-05
