time te rho
2.010000e-09 7.483000e+00 2.613000e-03
2.020000e-09 7.613000e+00 2.585000e-03
2.030000e-09 7.744000e+00 2.556000e-03
2.040000e-09 7.877000e+00 2.528000e-03
2.050000e-09 8.011000e+00 2.501000e-03
2.060000e-09 8.146000e+00 2.474000e-03
2.070000e-09 8.282000e+00 2.447000e-03
2.080000e-09 8.419000e+00 2.421000e-03
2.090000e-09 8.558000e+00 2.395000e-03
2.100000e-09 8.698000e+00 2.370000e-03
2.110000e-09 8.840000e+00 2.344000e-03
2.120000e-09 8.983000e+00 2.319000e-03
2.130000e-09 9.127000e+00 2.295000e-03
2.140000e-09 9.272000e+00 2.271000e-03
2.150000e-09 9.419000e+00 2.247000e-03
2.160000e-09 9.568000e+00 2.223000e-03
2.170000e-09 9.717000e+00 2.200000e-03
2.180000e-09 9.869000e+00 2.177000e-03
2.190000e-09 1.002000e+01 2.154000e-03
2.200000e-09 1.018000e+01 2.132000e-03
2.210000e-09 1.033000e+01 2.110000e-03
2.220000e-09 1.049000e+01 2.088000e-03
2.230000e-09 1.065000e+01 2.067000e-03
2.240000e-09 1.081000e+01 2.045000e-03
2.250000e-09 1.097000e+01 2.025000e-03
2.260000e-09 1.113000e+01 2.004000e-03
2.270000e-09 1.130000e+01 1.983000e-03
2.280000e-09 1.146000e+01 1.963000e-03
2.290000e-09 1.163000e+01 1.943000e-03
2.300000e-09 1.180000e+01 1.924000e-03
2.310000e-09 1.197000e+01 1.904000e-03
2.320000e-09 1.214000e+01 1.885000e-03
2.330000e-09 1.232000e+01 1.866000e-03
2.340000e-09 1.249000e+01 1.847000e-03
2.350000e-09 1.267000e+01 1.829000e-03
2.360000e-09 1.285000e+01 1.810000e-03
2.370000e-09 1.303000e+01 1.792000e-03
2.380000e-09 1.321000e+01 1.774000e-03
2.390000e-09 1.339000e+01 1.756000e-03
2.400000e-09 1.357000e+01 1.738000e-03
2.410000e-09 1.376000e+01 1.721000e-03
2.420000e-09 1.394000e+01 1.703000e-03
2.430000e-09 1.413000e+01 1.686000e-03
2.440000e-09 1.432000e+01 1.669000e-03
2.450000e-09 1.451000e+01 1.652000e-03
2.460000e-09 1.470000e+01 1.635000e-03
2.470000e-09 1.488000e+01 1.618000e-03
2.480000e-09 1.507000e+01 1.601000e-03
2.490000e-09 1.526000e+01 1.585000e-03
2.500000e-09 1.546000e+01 1.568000e-03
2.510000e-09 1.565000e+01 1.552000e-03
2.520000e-09 1.584000e+01 1.535000e-03
2.530000e-09 1.603000e+01 1.519000e-03
2.540000e-09 1.622000e+01 1.503000e-03
2.550000e-09 1.641000e+01 1.487000e-03
2.560000e-09 1.660000e+01 1.471000e-03
2.570000e-09 1.679000e+01 1.455000e-03
2.580000e-09 1.698000e+01 1.439000e-03
2.590000e-09 1.717000e+01 1.423000e-03
2.600000e-09 1.735000e+01 1.407000e-03
2.610000e-09 1.754000e+01 1.392000e-03
2.620000e-09 1.773000e+01 1.376000e-03
2.630000e-09 1.792000e+01 1.361000e-03
2.640000e-09 1.810000e+01 1.346000e-03
2.650000e-09 1.829000e+01 1.331000e-03
2.660000e-09 1.847000e+01 1.316000e-03
2.670000e-09 1.866000e+01 1.301000e-03
2.680000e-09 1.884000e+01 1.286000e-03
2.690000e-09 1.902000e+01 1.272000e-03
2.700000e-09 1.921000e+01 1.258000e-03
2.710000e-09 1.939000e+01 1.244000e-03
2.720000e-09 1.957000e+01 1.230000e-03
2.730000e-09 1.975000e+01 1.216000e-03
2.740000e-09 1.993000e+01 1.202000e-03
2.750000e-09 2.011000e+01 1.189000e-03
2.760000e-09 2.029000e+01 1.176000e-03
2.770000e-09 2.047000e+01 1.163000e-03
2.780000e-09 2.065000e+01 1.150000e-03
2.790000e-09 2.083000e+01 1.138000e-03
2.800000e-09 2.101000e+01 1.125000e-03
2.810000e-09 2.119000e+01 1.113000e-03
2.820000e-09 2.137000e+01 1.101000e-03
2.830000e-09 2.154000e+01 1.089000e-03
2.840000e-09 2.172000e+01 1.078000e-03
2.850000e-09 2.190000e+01 1.066000e-03
2.860000e-09 2.207000e+01 1.055000e-03
2.870000e-09 2.225000e+01 1.044000e-03
2.880000e-09 2.243000e+01 1.033000e-03
2.890000e-09 2.260000e+01 1.022000e-03
2.900000e-09 2.278000e+01 1.011000e-03
2.910000e-09 2.295000e+01 1.001000e-03
2.920000e-09 2.312000e+01 9.903000e-04
2.930000e-09 2.330000e+01 9.801000e-04
2.940000e-09 2.347000e+01 9.700000e-04
2.950000e-09 2.364000e+01 9.600000e-04
2.960000e-09 2.382000e+01 9.502000e-04
2.970000e-09 2.399000e+01 9.404000e-04
2.980000e-09 2.416000e+01 9.308000e-04
2.990000e-09 2.433000e+01 9.213000e-04
3.000000e-09 2.450000e+01 9.119000e-04
3.010000e-09 2.467000e+01 9.026000e-04
3.020000e-09 2.484000e+01 8.934000e-04
3.030000e-09 2.501000e+01 8.843000e-04
3.040000e-09 2.517000e+01 8.753000e-04
3.050000e-09 2.534000e+01 8.664000e-04
3.060000e-09 2.551000e+01 8.576000e-04
3.070000e-09 2.567000e+01 8.488000e-04
3.080000e-09 2.584000e+01 8.402000e-04
3.090000e-09 2.600000e+01 8.317000e-04
3.100000e-09 2.616000e+01 8.232000e-04
3.110000e-09 2.633000e+01 8.149000e-04
3.120000e-09 2.649000e+01 8.066000e-04
3.130000e-09 2.665000e+01 7.984000e-04
3.140000e-09 2.681000e+01 7.903000e-04
3.150000e-09 2.697000e+01 7.823000e-04
3.160000e-09 2.712000e+01 7.744000e-04
3.170000e-09 2.728000e+01 7.666000e-04
3.180000e-09 2.744000e+01 7.588000e-04
3.190000e-09 2.759000e+01 7.512000e-04
3.200000e-09 2.774000e+01 7.436000e-04
3.210000e-09 2.790000e+01 7.362000e-04
3.220000e-09 2.805000e+01 7.288000e-04
3.230000e-09 2.820000e+01 7.215000e-04
3.240000e-09 2.835000e+01 7.142000e-04
3.250000e-09 2.850000e+01 7.071000e-04
3.260000e-09 2.864000e+01 7.000000e-04
3.270000e-09 2.879000e+01 6.931000e-04
3.280000e-09 2.894000e+01 6.862000e-04
3.290000e-09 2.908000e+01 6.794000e-04
3.300000e-09 2.922000e+01 6.726000e-04
3.310000e-09 2.937000e+01 6.660000e-04
3.320000e-09 2.951000e+01 6.594000e-04
3.330000e-09 2.965000e+01 6.529000e-04
3.340000e-09 2.979000e+01 6.464000e-04
3.350000e-09 2.992000e+01 6.401000e-04
3.360000e-09 3.006000e+01 6.338000e-04
3.370000e-09 3.020000e+01 6.275000e-04
3.380000e-09 3.033000e+01 6.214000e-04
3.390000e-09 3.047000e+01 6.153000e-04
3.400000e-09 3.060000e+01 6.093000e-04
3.410000e-09 3.073000e+01 6.033000e-04
3.420000e-09 3.086000e+01 5.974000e-04
3.430000e-09 3.099000e+01 5.916000e-04
3.440000e-09 3.112000e+01 5.858000e-04
3.450000e-09 3.125000e+01 5.801000e-04
3.460000e-09 3.138000e+01 5.744000e-04
3.470000e-09 3.150000e+01 5.688000e-04
3.480000e-09 3.163000e+01 5.633000e-04
3.490000e-09 3.175000e+01 5.578000e-04
3.500000e-09 3.187000e+01 5.524000e-04
3.510000e-09 3.200000e+01 5.470000e-04
3.520000e-09 3.212000e+01 5.417000e-04
3.530000e-09 3.224000e+01 5.364000e-04
3.540000e-09 3.235000e+01 5.312000e-04
3.550000e-09 3.247000e+01 5.260000e-04
3.560000e-09 3.259000e+01 5.209000e-04
3.570000e-09 3.270000e+01 5.158000e-04
3.580000e-09 3.281000e+01 5.108000e-04
3.590000e-09 3.293000e+01 5.058000e-04
3.600000e-09 3.304000e+01 5.009000e-04
3.610000e-09 3.315000e+01 4.960000e-04
3.620000e-09 3.325000e+01 4.912000e-04
3.630000e-09 3.336000e+01 4.864000e-04
3.640000e-09 3.346000e+01 4.816000e-04
3.650000e-09 3.356000e+01 4.769000e-04
3.660000e-09 3.366000e+01 4.723000e-04
3.670000e-09 3.376000e+01 4.677000e-04
3.680000e-09 3.386000e+01 4.632000e-04
3.690000e-09 3.396000e+01 4.586000e-04
3.700000e-09 3.405000e+01 4.542000e-04
3.710000e-09 3.414000e+01 4.498000e-04
3.720000e-09 3.423000e+01 4.454000e-04
3.730000e-09 3.432000e+01 4.411000e-04
3.740000e-09 3.441000e+01 4.368000e-04
3.750000e-09 3.449000e+01 4.325000e-04
3.760000e-09 3.457000e+01 4.283000e-04
3.770000e-09 3.465000e+01 4.242000e-04
3.780000e-09 3.473000e+01 4.201000e-04
3.790000e-09 3.481000e+01 4.160000e-04
3.800000e-09 3.489000e+01 4.120000e-04
3.810000e-09 3.496000e+01 4.080000e-04
3.820000e-09 3.503000e+01 4.041000e-04
3.830000e-09 3.510000e+01 4.002000e-04
3.840000e-09 3.517000e+01 3.963000e-04
3.850000e-09 3.524000e+01 3.925000e-04
3.860000e-09 3.530000e+01 3.887000e-04
3.870000e-09 3.536000e+01 3.849000e-04
3.880000e-09 3.542000e+01 3.812000e-04
3.890000e-09 3.548000e+01 3.776000e-04
3.900000e-09 3.554000e+01 3.739000e-04
3.910000e-09 3.559000e+01 3.703000e-04
3.920000e-09 3.565000e+01 3.667000e-04
3.930000e-09 3.570000e+01 3.632000e-04
3.940000e-09 3.575000e+01 3.597000e-04
3.950000e-09 3.579000e+01 3.562000e-04
3.960000e-09 3.584000e+01 3.528000e-04
3.970000e-09 3.588000e+01 3.494000e-04
3.980000e-09 3.593000e+01 3.460000e-04
3.990000e-09 3.596000e+01 3.427000e-04
4.000000e-09 3.600000e+01 3.394000e-04
4.010000e-09 3.604000e+01 3.361000e-04
4.020000e-09 3.607000e+01 3.328000e-04
4.030000e-09 3.610000e+01 3.296000e-04
4.040000e-09 3.613000e+01 3.264000e-04
4.050000e-09 3.616000e+01 3.232000e-04
4.060000e-09 3.619000e+01 3.201000e-04
4.070000e-09 3.621000e+01 3.170000e-04
4.080000e-09 3.624000e+01 3.139000e-04
4.090000e-09 3.626000e+01 3.108000e-04
4.100000e-09 3.628000e+01 3.078000e-04
4.110000e-09 3.629000e+01 3.048000e-04
4.120000e-09 3.631000e+01 3.018000e-04
4.130000e-09 3.632000e+01 2.989000e-04
4.140000e-09 3.634000e+01 2.960000e-04
4.150000e-09 3.635000e+01 2.931000e-04
4.160000e-09 3.636000e+01 2.903000e-04
4.170000e-09 3.636000e+01 2.875000e-04
4.180000e-09 3.637000e+01 2.847000e-04
4.190000e-09 3.637000e+01 2.819000e-04
4.200000e-09 3.638000e+01 2.792000e-04
4.210000e-09 3.638000e+01 2.765000e-04
4.220000e-09 3.638000e+01 2.738000e-04
4.230000e-09 3.638000e+01 2.712000e-04
4.240000e-09 3.638000e+01 2.686000e-04
4.250000e-09 3.637000e+01 2.661000e-04
4.260000e-09 3.637000e+01 2.636000e-04
4.270000e-09 3.636000e+01 2.611000e-04
4.280000e-09 3.635000e+01 2.586000e-04
4.290000e-09 3.634000e+01 2.562000e-04
4.300000e-09 3.632000e+01 2.539000e-04
4.310000e-09 3.631000e+01 2.516000e-04
4.320000e-09 3.629000e+01 2.493000e-04
4.330000e-09 3.627000e+01 2.470000e-04
4.340000e-09 3.625000e+01 2.448000e-04
4.350000e-09 3.623000e+01 2.427000e-04
4.360000e-09 3.621000e+01 2.406000e-04
4.370000e-09 3.618000e+01 2.385000e-04
4.380000e-09 3.615000e+01 2.365000e-04
4.390000e-09 3.612000e+01 2.345000e-04
4.400000e-09 3.609000e+01 2.325000e-04
4.410000e-09 3.605000e+01 2.306000e-04
4.420000e-09 3.602000e+01 2.287000e-04
4.430000e-09 3.598000e+01 2.269000e-04
4.440000e-09 3.594000e+01 2.251000e-04
4.450000e-09 3.590000e+01 2.233000e-04
4.460000e-09 3.586000e+01 2.215000e-04
4.470000e-09 3.582000e+01 2.197000e-04
4.480000e-09 3.578000e+01 2.180000e-04
4.490000e-09 3.574000e+01 2.162000e-04
4.500000e-09 3.570000e+01 2.145000e-04
4.510000e-09 3.566000e+01 2.128000e-04
4.520000e-09 3.562000e+01 2.111000e-04
4.530000e-09 3.558000e+01 2.094000e-04
4.540000e-09 3.554000e+01 2.077000e-04
4.550000e-09 3.550000e+01 2.060000e-04
4.560000e-09 3.547000e+01 2.043000e-04
4.570000e-09 3.543000e+01 2.026000e-04
4.580000e-09 3.540000e+01 2.009000e-04
4.590000e-09 3.536000e+01 1.992000e-04
4.600000e-09 3.533000e+01 1.975000e-04
4.610000e-09 3.529000e+01 1.958000e-04
4.620000e-09 3.526000e+01 1.941000e-04
4.630000e-09 3.523000e+01 1.924000e-04
4.640000e-09 3.520000e+01 1.907000e-04
4.650000e-09 3.516000e+01 1.891000e-04
4.660000e-09 3.513000e+01 1.874000e-04
4.670000e-09 3.510000e+01 1.858000e-04
4.680000e-09 3.507000e+01 1.841000e-04
4.690000e-09 3.504000e+01 1.825000e-04
4.700000e-09 3.500000e+01 1.809000e-04
4.710000e-09 3.497000e+01 1.793000e-04
4.720000e-09 3.494000e+01 1.777000e-04
4.730000e-09 3.491000e+01 1.762000e-04
4.740000e-09 3.488000e+01 1.746000e-04
4.750000e-09 3.484000e+01 1.731000e-04
4.760000e-09 3.481000e+01 1.716000e-04
4.770000e-09 3.478000e+01 1.701000e-04
4.780000e-09 3.474000e+01 1.686000e-04
4.790000e-09 3.471000e+01 1.671000e-04
4.800000e-09 3.467000e+01 1.657000e-04
4.810000e-09 3.464000e+01 1.642000e-04
4.820000e-09 3.460000e+01 1.628000e-04
4.830000e-09 3.457000e+01 1.614000e-04
4.840000e-09 3.453000e+01 1.600000e-04
4.850000e-09 3.450000e+01 1.587000e-04
4.860000e-09 3.446000e+01 1.573000e-04
4.870000e-09 3.443000e+01 1.560000e-04
4.880000e-09 3.439000e+01 1.546000e-04
4.890000e-09 3.436000e+01 1.533000e-04
4.900000e-09 3.432000e+01 1.520000e-04
4.910000e-09 3.429000e+01 1.507000e-04
4.920000e-09 3.425000e+01 1.495000e-04
4.930000e-09 3.421000e+01 1.482000e-04
4.940000e-09 3.418000e+01 1.470000e-04
4.950000e-09 3.414000e+01 1.457000e-04
4.960000e-09 3.410000e+01 1.445000e-04
4.970000e-09 3.407000e+01 1.433000e-04
4.980000e-09 3.403000e+01 1.421000e-04
4.990000e-09 3.399000e+01 1.409000e-04
5.000000e-09 3.395000e+01 1.397000e-04
5.010000e-09 3.391000e+01 1.386000e-04
5.020000e-09 3.388000e+01 1.374000e-04
5.030000e-09 3.384000e+01 1.362000e-04
5.040000e-09 3.380000e+01 1.351000e-04
5.050000e-09 3.376000e+01 1.340000e-04
5.060000e-09 3.372000e+01 1.328000e-04
5.070000e-09 3.368000e+01 1.317000e-04
5.080000e-09 3.364000e+01 1.306000e-04
5.090000e-09 3.360000e+01 1.294000e-04
5.100000e-09 3.356000e+01 1.283000e-04
5.110000e-09 3.352000e+01 1.272000e-04
5.120000e-09 3.348000e+01 1.261000e-04
5.130000e-09 3.343000e+01 1.250000e-04
5.140000e-09 3.339000e+01 1.239000e-04
5.150000e-09 3.335000e+01 1.228000e-04
5.160000e-09 3.331000e+01 1.217000e-04
5.170000e-09 3.326000e+01 1.206000e-04
5.180000e-09 3.322000e+01 1.195000e-04
5.190000e-09 3.318000e+01 1.184000e-04
5.200000e-09 3.313000e+01 1.174000e-04
5.210000e-09 3.309000e+01 1.163000e-04
5.220000e-09 3.305000e+01 1.152000e-04
5.230000e-09 3.300000e+01 1.142000e-04
5.240000e-09 3.296000e+01 1.132000e-04
5.250000e-09 3.292000e+01 1.122000e-04
5.260000e-09 3.288000e+01 1.112000e-04
5.270000e-09 3.283000e+01 1.102000e-04
5.280000e-09 3.279000e+01 1.092000e-04
5.290000e-09 3.275000e+01 1.083000e-04
5.300000e-09 3.271000e+01 1.074000e-04
5.310000e-09 3.266000e+01 1.065000e-04
5.320000e-09 3.262000e+01 1.056000e-04
5.330000e-09 3.258000e+01 1.047000e-04
5.340000e-09 3.254000e+01 1.038000e-04
5.350000e-09 3.250000e+01 1.030000e-04
5.360000e-09 3.246000e+01 1.021000e-04
5.370000e-09 3.242000e+01 1.013000e-04
5.380000e-09 3.238000e+01 1.005000e-04
5.390000e-09 3.234000e+01 9.968000e-05
5.400000e-09 3.230000e+01 9.889000e-05
5.410000e-09 3.226000e+01 9.811000e-05
5.420000e-09 3.222000e+01 9.734000e-05
5.430000e-09 3.218000e+01 9.659000e-05
5.440000e-09 3.214000e+01 9.584000e-05
5.450000e-09 3.210000e+01 9.509000e-05
5.460000e-09 3.206000e+01 9.436000e-05
5.470000e-09 3.202000e+01 9.363000e-05
5.480000e-09 3.198000e+01 9.292000e-05
5.490000e-09 3.194000e+01 9.220000e-05
5.500000e-09 3.190000e+01 9.150000e-05
5.510000e-09 3.186000e+01 9.080000e-05
5.520000e-09 3.182000e+01 9.011000e-05
5.530000e-09 3.178000e+01 8.943000e-05
5.540000e-09 3.174000e+01 8.875000e-05
5.550000e-09 3.170000e+01 8.808000e-05
5.560000e-09 3.166000e+01 8.741000e-05
5.570000e-09 3.162000e+01 8.675000e-05
5.580000e-09 3.158000e+01 8.610000e-05
5.590000e-09 3.154000e+01 8.545000e-05
5.600000e-09 3.150000e+01 8.481000e-05
5.610000e-09 3.146000e+01 8.417000e-05
5.620000e-09 3.142000e+01 8.354000e-05
5.630000e-09 3.138000e+01 8.291000e-05
5.640000e-09 3.134000e+01 8.229000e-05
5.650000e-09 3.130000e+01 8.167000e-05
5.660000e-09 3.126000e+01 8.106000e-05
5.670000e-09 3.122000e+01 8.046000e-05
5.680000e-09 3.118000e+01 7.986000e-05
5.690000e-09 3.114000e+01 7.926000e-05
5.700000e-09 3.110000e+01 7.867000e-05
5.710000e-09 3.106000e+01 7.809000e-05
5.720000e-09 3.102000e+01 7.751000e-05
5.730000e-09 3.097000e+01 7.693000e-05
5.740000e-09 3.093000e+01 7.636000e-05
5.750000e-09 3.089000e+01 7.579000e-05
5.760000e-09 3.085000e+01 7.523000e-05
5.770000e-09 3.081000e+01 7.468000e-05
5.780000e-09 3.077000e+01 7.413000e-05
5.790000e-09 3.073000e+01 7.358000e-05
5.800000e-09 3.069000e+01 7.304000e-05
5.810000e-09 3.065000e+01 7.250000e-05
5.820000e-09 3.061000e+01 7.196000e-05
5.830000e-09 3.057000e+01 7.143000e-05
5.840000e-09 3.053000e+01 7.091000e-05
5.850000e-09 3.049000e+01 7.038000e-05
5.860000e-09 3.045000e+01 6.987000e-05
5.870000e-09 3.041000e+01 6.935000e-05
5.880000e-09 3.037000e+01 6.884000e-05
5.890000e-09 3.033000e+01 6.833000e-05
5.900000e-09 3.029000e+01 6.782000e-05
5.910000e-09 3.024000e+01 6.731000e-05
5.920000e-09 3.020000e+01 6.681000e-05
5.930000e-09 3.016000e+01 6.631000e-05
5.940000e-09 3.012000e+01 6.581000e-05
5.950000e-09 3.008000e+01 6.531000e-05
5.960000e-09 3.004000e+01 6.481000e-05
5.970000e-09 3.000000e+01 6.431000e-05
5.980000e-09 2.996000e+01 6.381000e-05
5.990000e-09 2.992000e+01 6.332000e-05
6.000000e-09 2.987000e+01 6.282000e-05
