time te rho
4.010000e-09 2.781000e+00 2.696000e-02
4.020000e-09 2.780000e+00 2.701000e-02
4.030000e-09 2.778000e+00 2.706000e-02
4.040000e-09 2.777000e+00 2.711000e-02
4.050000e-09 2.775000e+00 2.716000e-02
4.060000e-09 2.774000e+00 2.721000e-02
4.070000e-09 2.772000e+00 2.726000e-02
4.080000e-09 2.770000e+00 2.731000e-02
4.090000e-09 2.769000e+00 2.736000e-02
4.100000e-09 2.767000e+00 2.742000e-02
4.110000e-09 2.765000e+00 2.747000e-02
4.120000e-09 2.763000e+00 2.752000e-02
4.130000e-09 2.761000e+00 2.758000e-02
4.140000e-09 2.759000e+00 2.763000e-02
4.150000e-09 2.757000e+00 2.769000e-02
4.160000e-09 2.755000e+00 2.774000e-02
4.170000e-09 2.753000e+00 2.780000e-02
4.180000e-09 2.751000e+00 2.786000e-02
4.190000e-09 2.749000e+00 2.792000e-02
4.200000e-09 2.747000e+00 2.798000e-02
4.210000e-09 2.744000e+00 2.803000e-02
4.220000e-09 2.742000e+00 2.809000e-02
4.230000e-09 2.740000e+00 2.815000e-02
4.240000e-09 2.738000e+00 2.822000e-02
4.250000e-09 2.735000e+00 2.828000e-02
4.260000e-09 2.733000e+00 2.834000e-02
4.270000e-09 2.731000e+00 2.840000e-02
4.280000e-09 2.728000e+00 2.846000e-02
4.290000e-09 2.726000e+00 2.853000e-02
4.300000e-09 2.723000e+00 2.859000e-02
4.310000e-09 2.721000e+00 2.866000e-02
4.320000e-09 2.718000e+00 2.872000e-02
4.330000e-09 2.715000e+00 2.878000e-02
4.340000e-09 2.713000e+00 2.885000e-02
4.350000e-09 2.710000e+00 2.891000e-02
4.360000e-09 2.707000e+00 2.898000e-02
4.370000e-09 2.705000e+00 2.905000e-02
4.380000e-09 2.702000e+00 2.911000e-02
4.390000e-09 2.699000e+00 2.918000e-02
4.400000e-09 2.696000e+00 2.924000e-02
4.410000e-09 2.693000e+00 2.931000e-02
4.420000e-09 2.691000e+00 2.937000e-02
4.430000e-09 2.688000e+00 2.944000e-02
4.440000e-09 2.685000e+00 2.950000e-02
4.450000e-09 2.682000e+00 2.956000e-02
4.460000e-09 2.678000e+00 2.963000e-02
4.470000e-09 2.675000e+00 2.969000e-02
4.480000e-09 2.672000e+00 2.975000e-02
4.490000e-09 2.669000e+00 2.981000e-02
4.500000e-09 2.666000e+00 2.987000e-02
4.510000e-09 2.663000e+00 2.992000e-02
4.520000e-09 2.659000e+00 2.998000e-02
4.530000e-09 2.656000e+00 3.003000e-02
4.540000e-09 2.653000e+00 3.008000e-02
4.550000e-09 2.649000e+00 3.013000e-02
4.560000e-09 2.646000e+00 3.018000e-02
4.570000e-09 2.643000e+00 3.023000e-02
4.580000e-09 2.639000e+00 3.027000e-02
4.590000e-09 2.636000e+00 3.031000e-02
4.600000e-09 2.633000e+00 3.034000e-02
4.610000e-09 2.629000e+00 3.038000e-02
4.620000e-09 2.626000e+00 3.041000e-02
4.630000e-09 2.623000e+00 3.044000e-02
4.640000e-09 2.620000e+00 3.046000e-02
4.650000e-09 2.617000e+00 3.048000e-02
4.660000e-09 2.613000e+00 3.050000e-02
4.670000e-09 2.610000e+00 3.051000e-02
4.680000e-09 2.607000e+00 3.052000e-02
4.690000e-09 2.605000e+00 3.052000e-02
4.700000e-09 2.602000e+00 3.052000e-02
4.710000e-09 2.599000e+00 3.052000e-02
4.720000e-09 2.596000e+00 3.051000e-02
4.730000e-09 2.594000e+00 3.050000e-02
4.740000e-09 2.591000e+00 3.048000e-02
4.750000e-09 2.589000e+00 3.046000e-02
4.760000e-09 2.586000e+00 3.044000e-02
4.770000e-09 2.584000e+00 3.041000e-02
4.780000e-09 2.582000e+00 3.037000e-02
4.790000e-09 2.580000e+00 3.033000e-02
4.800000e-09 2.578000e+00 3.029000e-02
4.810000e-09 2.576000e+00 3.024000e-02
4.820000e-09 2.575000e+00 3.018000e-02
4.830000e-09 2.573000e+00 3.013000e-02
4.840000e-09 2.572000e+00 3.006000e-02
4.850000e-09 2.570000e+00 3.000000e-02
4.860000e-09 2.569000e+00 2.992000e-02
4.870000e-09 2.568000e+00 2.985000e-02
4.880000e-09 2.567000e+00 2.977000e-02
4.890000e-09 2.567000e+00 2.968000e-02
4.900000e-09 2.566000e+00 2.959000e-02
4.910000e-09 2.565000e+00 2.950000e-02
4.920000e-09 2.565000e+00 2.940000e-02
4.930000e-09 2.565000e+00 2.930000e-02
4.940000e-09 2.565000e+00 2.920000e-02
4.950000e-09 2.565000e+00 2.909000e-02
4.960000e-09 2.565000e+00 2.898000e-02
4.970000e-09 2.566000e+00 2.887000e-02
4.980000e-09 2.566000e+00 2.875000e-02
4.990000e-09 2.567000e+00 2.863000e-02
5.000000e-09 2.568000e+00 2.850000e-02
5.010000e-09 2.569000e+00 2.838000e-02
5.020000e-09 2.570000e+00 2.825000e-02
5.030000e-09 2.571000e+00 2.811000e-02
5.040000e-09 2.572000e+00 2.798000e-02
5.050000e-09 2.574000e+00 2.784000e-02
5.060000e-09 2.576000e+00 2.770000e-02
5.070000e-09 2.578000e+00 2.756000e-02
5.080000e-09 2.580000e+00 2.742000e-02
5.090000e-09 2.582000e+00 2.728000e-02
5.100000e-09 2.584000e+00 2.713000e-02
5.110000e-09 2.587000e+00 2.698000e-02
5.120000e-09 2.590000e+00 2.683000e-02
5.130000e-09 2.593000e+00 2.668000e-02
5.140000e-09 2.596000e+00 2.653000e-02
5.150000e-09 2.599000e+00 2.638000e-02
5.160000e-09 2.602000e+00 2.622000e-02
5.170000e-09 2.606000e+00 2.607000e-02
5.180000e-09 2.609000e+00 2.591000e-02
5.190000e-09 2.613000e+00 2.576000e-02
5.200000e-09 2.617000e+00 2.560000e-02
5.210000e-09 2.622000e+00 2.544000e-02
5.220000e-09 2.626000e+00 2.528000e-02
5.230000e-09 2.631000e+00 2.512000e-02
5.240000e-09 2.635000e+00 2.497000e-02
5.250000e-09 2.640000e+00 2.481000e-02
5.260000e-09 2.645000e+00 2.465000e-02
5.270000e-09 2.650000e+00 2.449000e-02
5.280000e-09 2.656000e+00 2.433000e-02
5.290000e-09 2.661000e+00 2.417000e-02
5.300000e-09 2.667000e+00 2.401000e-02
5.310000e-09 2.673000e+00 2.385000e-02
5.320000e-09 2.679000e+00 2.369000e-02
5.330000e-09 2.685000e+00 2.353000e-02
5.340000e-09 2.691000e+00 2.337000e-02
5.350000e-09 2.698000e+00 2.321000e-02
5.360000e-09 2.705000e+00 2.305000e-02
5.370000e-09 2.712000e+00 2.290000e-02
5.380000e-09 2.719000e+00 2.274000e-02
5.390000e-09 2.726000e+00 2.258000e-02
5.400000e-09 2.733000e+00 2.242000e-02
5.410000e-09 2.741000e+00 2.227000e-02
5.420000e-09 2.749000e+00 2.211000e-02
5.430000e-09 2.757000e+00 2.196000e-02
5.440000e-09 2.765000e+00 2.180000e-02
5.450000e-09 2.773000e+00 2.165000e-02
5.460000e-09 2.782000e+00 2.149000e-02
5.470000e-09 2.791000e+00 2.134000e-02
5.480000e-09 2.800000e+00 2.119000e-02
5.490000e-09 2.809000e+00 2.104000e-02
5.500000e-09 2.818000e+00 2.089000e-02
5.510000e-09 2.828000e+00 2.074000e-02
5.520000e-09 2.838000e+00 2.059000e-02
5.530000e-09 2.848000e+00 2.044000e-02
5.540000e-09 2.858000e+00 2.029000e-02
5.550000e-09 2.868000e+00 2.014000e-02
5.560000e-09 2.879000e+00 1.999000e-02
5.570000e-09 2.890000e+00 1.985000e-02
5.580000e-09 2.901000e+00 1.970000e-02
5.590000e-09 2.912000e+00 1.956000e-02
5.600000e-09 2.924000e+00 1.941000e-02
5.610000e-09 2.935000e+00 1.927000e-02
5.620000e-09 2.947000e+00 1.913000e-02
5.630000e-09 2.959000e+00 1.899000e-02
5.640000e-09 2.972000e+00 1.884000e-02
5.650000e-09 2.985000e+00 1.870000e-02
5.660000e-09 2.997000e+00 1.856000e-02
5.670000e-09 3.011000e+00 1.843000e-02
5.680000e-09 3.024000e+00 1.829000e-02
5.690000e-09 3.037000e+00 1.815000e-02
5.700000e-09 3.051000e+00 1.801000e-02
5.710000e-09 3.065000e+00 1.788000e-02
5.720000e-09 3.080000e+00 1.774000e-02
5.730000e-09 3.095000e+00 1.761000e-02
5.740000e-09 3.109000e+00 1.747000e-02
5.750000e-09 3.125000e+00 1.734000e-02
5.760000e-09 3.140000e+00 1.721000e-02
5.770000e-09 3.156000e+00 1.707000e-02
5.780000e-09 3.172000e+00 1.694000e-02
5.790000e-09 3.189000e+00 1.681000e-02
5.800000e-09 3.206000e+00 1.668000e-02
5.810000e-09 3.223000e+00 1.655000e-02
5.820000e-09 3.240000e+00 1.642000e-02
5.830000e-09 3.257000e+00 1.629000e-02
5.840000e-09 3.275000e+00 1.616000e-02
5.850000e-09 3.294000e+00 1.604000e-02
5.860000e-09 3.312000e+00 1.591000e-02
5.870000e-09 3.331000e+00 1.578000e-02
5.880000e-09 3.350000e+00 1.566000e-02
5.890000e-09 3.370000e+00 1.553000e-02
5.900000e-09 3.390000e+00 1.540000e-02
5.910000e-09 3.410000e+00 1.528000e-02
5.920000e-09 3.430000e+00 1.515000e-02
5.930000e-09 3.451000e+00 1.503000e-02
5.940000e-09 3.472000e+00 1.491000e-02
5.950000e-09 3.494000e+00 1.478000e-02
5.960000e-09 3.516000e+00 1.466000e-02
5.970000e-09 3.538000e+00 1.454000e-02
5.980000e-09 3.560000e+00 1.442000e-02
5.990000e-09 3.583000e+00 1.429000e-02
6.000000e-09 3.607000e+00 1.417000e-02
6.010000e-09 3.630000e+00 1.405000e-02
6.020000e-09 3.654000e+00 1.393000e-02
6.030000e-09 3.679000e+00 1.381000e-02
6.040000e-09 3.703000e+00 1.369000e-02
6.050000e-09 3.728000e+00 1.357000e-02
6.060000e-09 3.754000e+00 1.345000e-02
6.070000e-09 3.780000e+00 1.334000e-02
6.080000e-09 3.806000e+00 1.322000e-02
6.090000e-09 3.833000e+00 1.310000e-02
6.100000e-09 3.860000e+00 1.298000e-02
6.110000e-09 3.887000e+00 1.287000e-02
6.120000e-09 3.915000e+00 1.275000e-02
6.130000e-09 3.943000e+00 1.263000e-02
6.140000e-09 3.971000e+00 1.252000e-02
6.150000e-09 4.000000e+00 1.240000e-02
6.160000e-09 4.029000e+00 1.229000e-02
6.170000e-09 4.059000e+00 1.217000e-02
6.180000e-09 4.089000e+00 1.206000e-02
6.190000e-09 4.119000e+00 1.194000e-02
6.200000e-09 4.149000e+00 1.183000e-02
6.210000e-09 4.180000e+00 1.172000e-02
6.220000e-09 4.212000e+00 1.160000e-02
6.230000e-09 4.243000e+00 1.149000e-02
6.240000e-09 4.276000e+00 1.138000e-02
6.250000e-09 4.308000e+00 1.127000e-02
6.260000e-09 4.342000e+00 1.116000e-02
6.270000e-09 4.375000e+00 1.105000e-02
6.280000e-09 4.409000e+00 1.094000e-02
6.290000e-09 4.444000e+00 1.083000e-02
6.300000e-09 4.479000e+00 1.072000e-02
6.310000e-09 4.515000e+00 1.061000e-02
6.320000e-09 4.551000e+00 1.051000e-02
6.330000e-09 4.588000e+00 1.040000e-02
6.340000e-09 4.626000e+00 1.029000e-02
6.350000e-09 4.664000e+00 1.019000e-02
6.360000e-09 4.702000e+00 1.008000e-02
6.370000e-09 4.742000e+00 9.978000e-03
6.380000e-09 4.782000e+00 9.874000e-03
6.390000e-09 4.822000e+00 9.770000e-03
6.400000e-09 4.864000e+00 9.667000e-03
6.410000e-09 4.906000e+00 9.564000e-03
6.420000e-09 4.948000e+00 9.462000e-03
6.430000e-09 4.991000e+00 9.360000e-03
6.440000e-09 5.035000e+00 9.258000e-03
6.450000e-09 5.080000e+00 9.157000e-03
6.460000e-09 5.125000e+00 9.057000e-03
6.470000e-09 5.170000e+00 8.957000e-03
6.480000e-09 5.217000e+00 8.857000e-03
6.490000e-09 5.264000e+00 8.758000e-03
6.500000e-09 5.311000e+00 8.659000e-03
6.510000e-09 5.359000e+00 8.560000e-03
6.520000e-09 5.408000e+00 8.462000e-03
6.530000e-09 5.457000e+00 8.364000e-03
6.540000e-09 5.507000e+00 8.267000e-03
6.550000e-09 5.558000e+00 8.170000e-03
6.560000e-09 5.609000e+00 8.073000e-03
6.570000e-09 5.660000e+00 7.977000e-03
6.580000e-09 5.713000e+00 7.881000e-03
6.590000e-09 5.765000e+00 7.785000e-03
6.600000e-09 5.819000e+00 7.690000e-03
6.610000e-09 5.873000e+00 7.595000e-03
6.620000e-09 5.927000e+00 7.500000e-03
6.630000e-09 5.982000e+00 7.406000e-03
6.640000e-09 6.038000e+00 7.312000e-03
6.650000e-09 6.094000e+00 7.219000e-03
6.660000e-09 6.151000e+00 7.126000e-03
6.670000e-09 6.209000e+00 7.034000e-03
6.680000e-09 6.267000e+00 6.941000e-03
6.690000e-09 6.325000e+00 6.850000e-03
6.700000e-09 6.384000e+00 6.758000e-03
6.710000e-09 6.444000e+00 6.667000e-03
6.720000e-09 6.504000e+00 6.577000e-03
6.730000e-09 6.565000e+00 6.487000e-03
6.740000e-09 6.626000e+00 6.397000e-03
6.750000e-09 6.688000e+00 6.308000e-03
6.760000e-09 6.750000e+00 6.220000e-03
6.770000e-09 6.814000e+00 6.132000e-03
6.780000e-09 6.877000e+00 6.044000e-03
6.790000e-09 6.942000e+00 5.957000e-03
6.800000e-09 7.006000e+00 5.871000e-03
6.810000e-09 7.072000e+00 5.785000e-03
6.820000e-09 7.138000e+00 5.701000e-03
6.830000e-09 7.205000e+00 5.616000e-03
6.840000e-09 7.273000e+00 5.533000e-03
6.850000e-09 7.341000e+00 5.450000e-03
6.860000e-09 7.410000e+00 5.368000e-03
6.870000e-09 7.480000e+00 5.287000e-03
6.880000e-09 7.550000e+00 5.207000e-03
6.890000e-09 7.621000e+00 5.127000e-03
6.900000e-09 7.693000e+00 5.049000e-03
6.910000e-09 7.765000e+00 4.971000e-03
6.920000e-09 7.838000e+00 4.894000e-03
6.930000e-09 7.911000e+00 4.818000e-03
6.940000e-09 7.986000e+00 4.744000e-03
6.950000e-09 8.061000e+00 4.670000e-03
6.960000e-09 8.136000e+00 4.598000e-03
6.970000e-09 8.212000e+00 4.526000e-03
6.980000e-09 8.289000e+00 4.456000e-03
6.990000e-09 8.366000e+00 4.386000e-03
7.000000e-09 8.443000e+00 4.318000e-03
7.010000e-09 8.522000e+00 4.251000e-03
7.020000e-09 8.600000e+00 4.185000e-03
7.030000e-09 8.679000e+00 4.121000e-03
7.040000e-09 8.758000e+00 4.057000e-03
7.050000e-09 8.838000e+00 3.995000e-03
7.060000e-09 8.918000e+00 3.934000e-03
7.070000e-09 8.998000e+00 3.874000e-03
7.080000e-09 9.079000e+00 3.815000e-03
7.090000e-09 9.159000e+00 3.757000e-03
7.100000e-09 9.240000e+00 3.701000e-03
7.110000e-09 9.321000e+00 3.646000e-03
7.120000e-09 9.402000e+00 3.592000e-03
7.130000e-09 9.484000e+00 3.539000e-03
7.140000e-09 9.565000e+00 3.487000e-03
7.150000e-09 9.646000e+00 3.437000e-03
7.160000e-09 9.728000e+00 3.387000e-03
7.170000e-09 9.809000e+00 3.339000e-03
7.180000e-09 9.890000e+00 3.292000e-03
7.190000e-09 9.971000e+00 3.245000e-03
7.200000e-09 1.005000e+01 3.200000e-03
7.210000e-09 1.013000e+01 3.156000e-03
7.220000e-09 1.021000e+01 3.113000e-03
7.230000e-09 1.029000e+01 3.070000e-03
7.240000e-09 1.037000e+01 3.029000e-03
7.250000e-09 1.045000e+01 2.989000e-03
7.260000e-09 1.053000e+01 2.949000e-03
7.270000e-09 1.061000e+01 2.911000e-03
7.280000e-09 1.069000e+01 2.873000e-03
7.290000e-09 1.077000e+01 2.836000e-03
7.300000e-09 1.085000e+01 2.800000e-03
7.310000e-09 1.093000e+01 2.765000e-03
7.320000e-09 1.101000e+01 2.731000e-03
7.330000e-09 1.108000e+01 2.697000e-03
7.340000e-09 1.116000e+01 2.664000e-03
7.350000e-09 1.124000e+01 2.632000e-03
7.360000e-09 1.131000e+01 2.601000e-03
7.370000e-09 1.139000e+01 2.570000e-03
7.380000e-09 1.147000e+01 2.540000e-03
7.390000e-09 1.154000e+01 2.511000e-03
7.400000e-09 1.161000e+01 2.482000e-03
7.410000e-09 1.169000e+01 2.454000e-03
7.420000e-09 1.176000e+01 2.427000e-03
7.430000e-09 1.183000e+01 2.400000e-03
7.440000e-09 1.191000e+01 2.373000e-03
7.450000e-09 1.198000e+01 2.348000e-03
7.460000e-09 1.205000e+01 2.323000e-03
7.470000e-09 1.212000e+01 2.298000e-03
7.480000e-09 1.219000e+01 2.274000e-03
7.490000e-09 1.226000e+01 2.251000e-03
7.500000e-09 1.233000e+01 2.228000e-03
7.510000e-09 1.240000e+01 2.205000e-03
7.520000e-09 1.246000e+01 2.183000e-03
7.530000e-09 1.253000e+01 2.161000e-03
7.540000e-09 1.260000e+01 2.140000e-03
7.550000e-09 1.266000e+01 2.120000e-03
7.560000e-09 1.273000e+01 2.099000e-03
7.570000e-09 1.279000e+01 2.079000e-03
7.580000e-09 1.285000e+01 2.060000e-03
7.590000e-09 1.292000e+01 2.041000e-03
7.600000e-09 1.298000e+01 2.022000e-03
7.610000e-09 1.304000e+01 2.004000e-03
7.620000e-09 1.310000e+01 1.986000e-03
7.630000e-09 1.316000e+01 1.968000e-03
7.640000e-09 1.322000e+01 1.951000e-03
7.650000e-09 1.327000e+01 1.934000e-03
7.660000e-09 1.333000e+01 1.918000e-03
7.670000e-09 1.339000e+01 1.901000e-03
7.680000e-09 1.344000e+01 1.885000e-03
7.690000e-09 1.349000e+01 1.869000e-03
7.700000e-09 1.355000e+01 1.854000e-03
7.710000e-09 1.360000e+01 1.839000e-03
7.720000e-09 1.365000e+01 1.824000e-03
7.730000e-09 1.370000e+01 1.809000e-03
7.740000e-09 1.375000e+01 1.795000e-03
7.750000e-09 1.380000e+01 1.781000e-03
7.760000e-09 1.385000e+01 1.767000e-03
7.770000e-09 1.390000e+01 1.753000e-03
7.780000e-09 1.395000e+01 1.739000e-03
7.790000e-09 1.399000e+01 1.726000e-03
7.800000e-09 1.404000e+01 1.713000e-03
7.810000e-09 1.408000e+01 1.700000e-03
7.820000e-09 1.413000e+01 1.687000e-03
7.830000e-09 1.417000e+01 1.675000e-03
7.840000e-09 1.421000e+01 1.663000e-03
7.850000e-09 1.426000e+01 1.650000e-03
7.860000e-09 1.430000e+01 1.638000e-03
7.870000e-09 1.434000e+01 1.627000e-03
7.880000e-09 1.438000e+01 1.615000e-03
7.890000e-09 1.442000e+01 1.603000e-03
7.900000e-09 1.446000e+01 1.592000e-03
7.910000e-09 1.449000e+01 1.581000e-03
7.920000e-09 1.453000e+01 1.570000e-03
7.930000e-09 1.457000e+01 1.559000e-03
7.940000e-09 1.461000e+01 1.548000e-03
7.950000e-09 1.464000e+01 1.538000e-03
7.960000e-09 1.468000e+01 1.527000e-03
7.970000e-09 1.471000e+01 1.517000e-03
7.980000e-09 1.474000e+01 1.506000e-03
7.990000e-09 1.478000e+01 1.496000e-03
8.000000e-09 1.481000e+01 1.486000e-03
