time te rho
4.010000e-09 2.822000e+00 8.600000e-03
4.020000e-09 2.848000e+00 8.475000e-03
4.030000e-09 2.874000e+00 8.351000e-03
4.040000e-09 2.900000e+00 8.230000e-03
4.050000e-09 2.926000e+00 8.111000e-03
4.060000e-09 2.952000e+00 7.994000e-03
4.070000e-09 2.977000e+00 7.878000e-03
4.080000e-09 3.003000e+00 7.765000e-03
4.090000e-09 3.029000e+00 7.653000e-03
4.100000e-09 3.055000e+00 7.543000e-03
4.110000e-09 3.082000e+00 7.435000e-03
4.120000e-09 3.108000e+00 7.328000e-03
4.130000e-09 3.135000e+00 7.223000e-03
4.140000e-09 3.163000e+00 7.119000e-03
4.150000e-09 3.190000e+00 7.017000e-03
4.160000e-09 3.218000e+00 6.916000e-03
4.170000e-09 3.247000e+00 6.817000e-03
4.180000e-09 3.275000e+00 6.719000e-03
4.190000e-09 3.305000e+00 6.622000e-03
4.200000e-09 3.334000e+00 6.526000e-03
4.210000e-09 3.364000e+00 6.432000e-03
4.220000e-09 3.395000e+00 6.339000e-03
4.230000e-09 3.426000e+00 6.248000e-03
4.240000e-09 3.457000e+00 6.158000e-03
4.250000e-09 3.488000e+00 6.069000e-03
4.260000e-09 3.519000e+00 5.982000e-03
4.270000e-09 3.551000e+00 5.896000e-03
4.280000e-09 3.582000e+00 5.812000e-03
4.290000e-09 3.613000e+00 5.729000e-03
4.300000e-09 3.644000e+00 5.648000e-03
4.310000e-09 3.675000e+00 5.568000e-03
4.320000e-09 3.705000e+00 5.490000e-03
4.330000e-09 3.735000e+00 5.413000e-03
4.340000e-09 3.764000e+00 5.338000e-03
4.350000e-09 3.792000e+00 5.265000e-03
4.360000e-09 3.820000e+00 5.193000e-03
4.370000e-09 3.847000e+00 5.123000e-03
4.380000e-09 3.873000e+00 5.054000e-03
4.390000e-09 3.898000e+00 4.987000e-03
4.400000e-09 3.922000e+00 4.922000e-03
4.410000e-09 3.945000e+00 4.858000e-03
4.420000e-09 3.968000e+00 4.796000e-03
4.430000e-09 3.989000e+00 4.736000e-03
4.440000e-09 4.009000e+00 4.678000e-03
4.450000e-09 4.029000e+00 4.621000e-03
4.460000e-09 4.047000e+00 4.565000e-03
4.470000e-09 4.065000e+00 4.511000e-03
4.480000e-09 4.082000e+00 4.459000e-03
4.490000e-09 4.098000e+00 4.409000e-03
4.500000e-09 4.113000e+00 4.359000e-03
4.510000e-09 4.128000e+00 4.312000e-03
4.520000e-09 4.142000e+00 4.265000e-03
4.530000e-09 4.155000e+00 4.221000e-03
4.540000e-09 4.168000e+00 4.177000e-03
4.550000e-09 4.181000e+00 4.135000e-03
4.560000e-09 4.193000e+00 4.094000e-03
4.570000e-09 4.205000e+00 4.054000e-03
4.580000e-09 4.216000e+00 4.016000e-03
4.590000e-09 4.227000e+00 3.979000e-03
4.600000e-09 4.238000e+00 3.942000e-03
4.610000e-09 4.248000e+00 3.907000e-03
4.620000e-09 4.258000e+00 3.873000e-03
4.630000e-09 4.268000e+00 3.840000e-03
4.640000e-09 4.278000e+00 3.808000e-03
4.650000e-09 4.288000e+00 3.776000e-03
4.660000e-09 4.297000e+00 3.746000e-03
4.670000e-09 4.306000e+00 3.716000e-03
4.680000e-09 4.315000e+00 3.688000e-03
4.690000e-09 4.324000e+00 3.660000e-03
4.700000e-09 4.333000e+00 3.632000e-03
4.710000e-09 4.341000e+00 3.606000e-03
4.720000e-09 4.349000e+00 3.580000e-03
4.730000e-09 4.358000e+00 3.555000e-03
4.740000e-09 4.366000e+00 3.530000e-03
4.750000e-09 4.374000e+00 3.507000e-03
4.760000e-09 4.382000e+00 3.483000e-03
4.770000e-09 4.390000e+00 3.460000e-03
4.780000e-09 4.397000e+00 3.438000e-03
4.790000e-09 4.405000e+00 3.416000e-03
4.800000e-09 4.413000e+00 3.395000e-03
4.810000e-09 4.420000e+00 3.374000e-03
4.820000e-09 4.427000e+00 3.354000e-03
4.830000e-09 4.435000e+00 3.334000e-03
4.840000e-09 4.442000e+00 3.314000e-03
4.850000e-09 4.450000e+00 3.295000e-03
4.860000e-09 4.457000e+00 3.276000e-03
4.870000e-09 4.464000e+00 3.258000e-03
4.880000e-09 4.472000e+00 3.240000e-03
4.890000e-09 4.479000e+00 3.222000e-03
4.900000e-09 4.486000e+00 3.204000e-03
4.910000e-09 4.494000e+00 3.187000e-03
4.920000e-09 4.501000e+00 3.170000e-03
4.930000e-09 4.509000e+00 3.154000e-03
4.940000e-09 4.517000e+00 3.137000e-03
4.950000e-09 4.524000e+00 3.121000e-03
4.960000e-09 4.532000e+00 3.105000e-03
4.970000e-09 4.540000e+00 3.090000e-03
4.980000e-09 4.548000e+00 3.075000e-03
4.990000e-09 4.556000e+00 3.060000e-03
5.000000e-09 4.564000e+00 3.045000e-03
5.010000e-09 4.572000e+00 3.030000e-03
5.020000e-09 4.580000e+00 3.016000e-03
5.030000e-09 4.589000e+00 3.002000e-03
5.040000e-09 4.597000e+00 2.988000e-03
5.050000e-09 4.605000e+00 2.975000e-03
5.060000e-09 4.614000e+00 2.962000e-03
5.070000e-09 4.623000e+00 2.948000e-03
5.080000e-09 4.631000e+00 2.935000e-03
5.090000e-09 4.640000e+00 2.923000e-03
5.100000e-09 4.649000e+00 2.910000e-03
5.110000e-09 4.658000e+00 2.898000e-03
5.120000e-09 4.667000e+00 2.886000e-03
5.130000e-09 4.676000e+00 2.874000e-03
5.140000e-09 4.685000e+00 2.862000e-03
5.150000e-09 4.695000e+00 2.851000e-03
5.160000e-09 4.704000e+00 2.839000e-03
5.170000e-09 4.713000e+00 2.828000e-03
5.180000e-09 4.723000e+00 2.817000e-03
5.190000e-09 4.733000e+00 2.806000e-03
5.200000e-09 4.742000e+00 2.795000e-03
5.210000e-09 4.752000e+00 2.785000e-03
5.220000e-09 4.762000e+00 2.774000e-03
5.230000e-09 4.771000e+00 2.764000e-03
5.240000e-09 4.781000e+00 2.754000e-03
5.250000e-09 4.791000e+00 2.744000e-03
5.260000e-09 4.801000e+00 2.735000e-03
5.270000e-09 4.811000e+00 2.725000e-03
5.280000e-09 4.821000e+00 2.716000e-03
5.290000e-09 4.831000e+00 2.707000e-03
5.300000e-09 4.841000e+00 2.698000e-03
5.310000e-09 4.851000e+00 2.689000e-03
5.320000e-09 4.861000e+00 2.681000e-03
5.330000e-09 4.871000e+00 2.672000e-03
5.340000e-09 4.881000e+00 2.664000e-03
5.350000e-09 4.891000e+00 2.656000e-03
5.360000e-09 4.901000e+00 2.648000e-03
5.370000e-09 4.910000e+00 2.640000e-03
5.380000e-09 4.920000e+00 2.633000e-03
5.390000e-09 4.930000e+00 2.625000e-03
5.400000e-09 4.940000e+00 2.618000e-03
5.410000e-09 4.950000e+00 2.611000e-03
5.420000e-09 4.960000e+00 2.604000e-03
5.430000e-09 4.970000e+00 2.597000e-03
5.440000e-09 4.980000e+00 2.591000e-03
5.450000e-09 4.990000e+00 2.584000e-03
5.460000e-09 4.999000e+00 2.578000e-03
5.470000e-09 5.009000e+00 2.572000e-03
5.480000e-09 5.019000e+00 2.566000e-03
5.490000e-09 5.029000e+00 2.560000e-03
5.500000e-09 5.038000e+00 2.555000e-03
5.510000e-09 5.048000e+00 2.549000e-03
5.520000e-09 5.058000e+00 2.544000e-03
5.530000e-09 5.067000e+00 2.538000e-03
5.540000e-09 5.077000e+00 2.533000e-03
5.550000e-09 5.086000e+00 2.528000e-03
5.560000e-09 5.096000e+00 2.523000e-03
5.570000e-09 5.106000e+00 2.518000e-03
5.580000e-09 5.115000e+00 2.514000e-03
5.590000e-09 5.125000e+00 2.509000e-03
5.600000e-09 5.134000e+00 2.504000e-03
5.610000e-09 5.143000e+00 2.500000e-03
5.620000e-09 5.153000e+00 2.496000e-03
5.630000e-09 5.162000e+00 2.491000e-03
5.640000e-09 5.172000e+00 2.487000e-03
5.650000e-09 5.181000e+00 2.483000e-03
5.660000e-09 5.190000e+00 2.479000e-03
5.670000e-09 5.200000e+00 2.475000e-03
5.680000e-09 5.209000e+00 2.471000e-03
5.690000e-09 5.218000e+00 2.467000e-03
5.700000e-09 5.228000e+00 2.462000e-03
5.710000e-09 5.237000e+00 2.458000e-03
5.720000e-09 5.246000e+00 2.454000e-03
5.730000e-09 5.256000e+00 2.450000e-03
5.740000e-09 5.265000e+00 2.446000e-03
5.750000e-09 5.274000e+00 2.442000e-03
5.760000e-09 5.283000e+00 2.438000e-03
5.770000e-09 5.292000e+00 2.434000e-03
5.780000e-09 5.302000e+00 2.430000e-03
5.790000e-09 5.311000e+00 2.426000e-03
5.800000e-09 5.320000e+00 2.422000e-03
5.810000e-09 5.329000e+00 2.418000e-03
5.820000e-09 5.338000e+00 2.413000e-03
5.830000e-09 5.347000e+00 2.409000e-03
5.840000e-09 5.356000e+00 2.405000e-03
5.850000e-09 5.365000e+00 2.400000e-03
5.860000e-09 5.374000e+00 2.396000e-03
5.870000e-09 5.383000e+00 2.391000e-03
5.880000e-09 5.392000e+00 2.387000e-03
5.890000e-09 5.401000e+00 2.382000e-03
5.900000e-09 5.410000e+00 2.378000e-03
5.910000e-09 5.419000e+00 2.373000e-03
5.920000e-09 5.428000e+00 2.368000e-03
5.930000e-09 5.437000e+00 2.363000e-03
5.940000e-09 5.446000e+00 2.358000e-03
5.950000e-09 5.455000e+00 2.353000e-03
5.960000e-09 5.463000e+00 2.348000e-03
5.970000e-09 5.472000e+00 2.343000e-03
5.980000e-09 5.481000e+00 2.338000e-03
5.990000e-09 5.490000e+00 2.333000e-03
6.000000e-09 5.498000e+00 2.328000e-03
6.010000e-09 5.507000e+00 2.323000e-03
6.020000e-09 5.516000e+00 2.317000e-03
6.030000e-09 5.524000e+00 2.312000e-03
6.040000e-09 5.533000e+00 2.307000e-03
6.050000e-09 5.542000e+00 2.301000e-03
6.060000e-09 5.550000e+00 2.296000e-03
6.070000e-09 5.559000e+00 2.290000e-03
6.080000e-09 5.567000e+00 2.285000e-03
6.090000e-09 5.576000e+00 2.279000e-03
6.100000e-09 5.584000e+00 2.274000e-03
6.110000e-09 5.593000e+00 2.268000e-03
6.120000e-09 5.601000e+00 2.263000e-03
6.130000e-09 5.610000e+00 2.257000e-03
6.140000e-09 5.619000e+00 2.251000e-03
6.150000e-09 5.627000e+00 2.246000e-03
6.160000e-09 5.636000e+00 2.240000e-03
6.170000e-09 5.644000e+00 2.235000e-03
6.180000e-09 5.653000e+00 2.229000e-03
6.190000e-09 5.661000e+00 2.224000e-03
6.200000e-09 5.669000e+00 2.218000e-03
6.210000e-09 5.678000e+00 2.213000e-03
6.220000e-09 5.686000e+00 2.207000e-03
6.230000e-09 5.695000e+00 2.202000e-03
6.240000e-09 5.703000e+00 2.196000e-03
6.250000e-09 5.711000e+00 2.191000e-03
6.260000e-09 5.719000e+00 2.185000e-03
6.270000e-09 5.727000e+00 2.180000e-03
6.280000e-09 5.736000e+00 2.175000e-03
6.290000e-09 5.744000e+00 2.169000e-03
6.300000e-09 5.752000e+00 2.164000e-03
6.310000e-09 5.760000e+00 2.159000e-03
6.320000e-09 5.768000e+00 2.154000e-03
6.330000e-09 5.776000e+00 2.149000e-03
6.340000e-09 5.784000e+00 2.143000e-03
6.350000e-09 5.791000e+00 2.138000e-03
6.360000e-09 5.799000e+00 2.133000e-03
6.370000e-09 5.807000e+00 2.128000e-03
6.380000e-09 5.815000e+00 2.124000e-03
6.390000e-09 5.823000e+00 2.119000e-03
6.400000e-09 5.830000e+00 2.114000e-03
6.410000e-09 5.838000e+00 2.109000e-03
6.420000e-09 5.846000e+00 2.104000e-03
6.430000e-09 5.854000e+00 2.100000e-03
6.440000e-09 5.861000e+00 2.095000e-03
6.450000e-09 5.869000e+00 2.091000e-03
6.460000e-09 5.876000e+00 2.086000e-03
6.470000e-09 5.884000e+00 2.082000e-03
6.480000e-09 5.892000e+00 2.078000e-03
6.490000e-09 5.899000e+00 2.073000e-03
6.500000e-09 5.907000e+00 2.069000e-03
6.510000e-09 5.914000e+00 2.065000e-03
6.520000e-09 5.922000e+00 2.061000e-03
6.530000e-09 5.929000e+00 2.057000e-03
6.540000e-09 5.937000e+00 2.053000e-03
6.550000e-09 5.944000e+00 2.049000e-03
6.560000e-09 5.952000e+00 2.045000e-03
6.570000e-09 5.959000e+00 2.041000e-03
6.580000e-09 5.966000e+00 2.038000e-03
6.590000e-09 5.974000e+00 2.034000e-03
6.600000e-09 5.981000e+00 2.030000e-03
6.610000e-09 5.989000e+00 2.027000e-03
6.620000e-09 5.996000e+00 2.023000e-03
6.630000e-09 6.003000e+00 2.020000e-03
6.640000e-09 6.011000e+00 2.016000e-03
6.650000e-09 6.018000e+00 2.013000e-03
6.660000e-09 6.025000e+00 2.009000e-03
6.670000e-09 6.032000e+00 2.006000e-03
6.680000e-09 6.040000e+00 2.002000e-03
6.690000e-09 6.047000e+00 1.999000e-03
6.700000e-09 6.054000e+00 1.996000e-03
6.710000e-09 6.061000e+00 1.992000e-03
6.720000e-09 6.068000e+00 1.989000e-03
6.730000e-09 6.076000e+00 1.985000e-03
6.740000e-09 6.083000e+00 1.982000e-03
6.750000e-09 6.090000e+00 1.979000e-03
6.760000e-09 6.097000e+00 1.975000e-03
6.770000e-09 6.104000e+00 1.972000e-03
6.780000e-09 6.111000e+00 1.968000e-03
6.790000e-09 6.118000e+00 1.965000e-03
6.800000e-09 6.125000e+00 1.961000e-03
6.810000e-09 6.132000e+00 1.958000e-03
6.820000e-09 6.139000e+00 1.954000e-03
6.830000e-09 6.146000e+00 1.950000e-03
6.840000e-09 6.152000e+00 1.947000e-03
6.850000e-09 6.159000e+00 1.943000e-03
6.860000e-09 6.166000e+00 1.939000e-03
6.870000e-09 6.173000e+00 1.935000e-03
6.880000e-09 6.180000e+00 1.932000e-03
6.890000e-09 6.186000e+00 1.928000e-03
6.900000e-09 6.193000e+00 1.924000e-03
6.910000e-09 6.200000e+00 1.920000e-03
6.920000e-09 6.206000e+00 1.916000e-03
6.930000e-09 6.213000e+00 1.911000e-03
6.940000e-09 6.220000e+00 1.907000e-03
6.950000e-09 6.226000e+00 1.903000e-03
6.960000e-09 6.233000e+00 1.899000e-03
6.970000e-09 6.239000e+00 1.895000e-03
6.980000e-09 6.246000e+00 1.890000e-03
6.990000e-09 6.252000e+00 1.886000e-03
7.000000e-09 6.259000e+00 1.881000e-03
7.010000e-09 6.265000e+00 1.877000e-03
7.020000e-09 6.271000e+00 1.872000e-03
7.030000e-09 6.278000e+00 1.867000e-03
7.040000e-09 6.284000e+00 1.863000e-03
7.050000e-09 6.290000e+00 1.858000e-03
7.060000e-09 6.297000e+00 1.853000e-03
7.070000e-09 6.303000e+00 1.848000e-03
7.080000e-09 6.309000e+00 1.843000e-03
7.090000e-09 6.315000e+00 1.838000e-03
7.100000e-09 6.321000e+00 1.833000e-03
7.110000e-09 6.327000e+00 1.828000e-03
7.120000e-09 6.333000e+00 1.823000e-03
7.130000e-09 6.339000e+00 1.818000e-03
7.140000e-09 6.345000e+00 1.812000e-03
7.150000e-09 6.351000e+00 1.807000e-03
7.160000e-09 6.357000e+00 1.802000e-03
7.170000e-09 6.363000e+00 1.796000e-03
7.180000e-09 6.369000e+00 1.791000e-03
7.190000e-09 6.375000e+00 1.785000e-03
7.200000e-09 6.381000e+00 1.780000e-03
7.210000e-09 6.386000e+00 1.774000e-03
7.220000e-09 6.392000e+00 1.768000e-03
7.230000e-09 6.398000e+00 1.763000e-03
7.240000e-09 6.403000e+00 1.757000e-03
7.250000e-09 6.409000e+00 1.751000e-03
7.260000e-09 6.415000e+00 1.745000e-03
7.270000e-09 6.420000e+00 1.739000e-03
7.280000e-09 6.426000e+00 1.733000e-03
7.290000e-09 6.431000e+00 1.727000e-03
7.300000e-09 6.436000e+00 1.722000e-03
7.310000e-09 6.442000e+00 1.715000e-03
7.320000e-09 6.447000e+00 1.709000e-03
7.330000e-09 6.453000e+00 1.703000e-03
7.340000e-09 6.458000e+00 1.697000e-03
7.350000e-09 6.463000e+00 1.691000e-03
7.360000e-09 6.468000e+00 1.685000e-03
7.370000e-09 6.473000e+00 1.679000e-03
7.380000e-09 6.479000e+00 1.672000e-03
7.390000e-09 6.484000e+00 1.666000e-03
7.400000e-09 6.489000e+00 1.660000e-03
7.410000e-09 6.494000e+00 1.653000e-03
7.420000e-09 6.499000e+00 1.647000e-03
7.430000e-09 6.504000e+00 1.641000e-03
7.440000e-09 6.509000e+00 1.634000e-03
7.450000e-09 6.514000e+00 1.628000e-03
7.460000e-09 6.518000e+00 1.622000e-03
7.470000e-09 6.523000e+00 1.615000e-03
7.480000e-09 6.528000e+00 1.609000e-03
7.490000e-09 6.533000e+00 1.602000e-03
7.500000e-09 6.537000e+00 1.596000e-03
7.510000e-09 6.542000e+00 1.589000e-03
7.520000e-09 6.547000e+00 1.583000e-03
7.530000e-09 6.551000e+00 1.576000e-03
7.540000e-09 6.556000e+00 1.570000e-03
7.550000e-09 6.560000e+00 1.564000e-03
7.560000e-09 6.565000e+00 1.557000e-03
7.570000e-09 6.569000e+00 1.551000e-03
7.580000e-09 6.574000e+00 1.544000e-03
7.590000e-09 6.578000e+00 1.538000e-03
7.600000e-09 6.583000e+00 1.531000e-03
7.610000e-09 6.587000e+00 1.525000e-03
7.620000e-09 6.591000e+00 1.518000e-03
7.630000e-09 6.595000e+00 1.512000e-03
7.640000e-09 6.600000e+00 1.506000e-03
7.650000e-09 6.604000e+00 1.499000e-03
7.660000e-09 6.608000e+00 1.493000e-03
7.670000e-09 6.612000e+00 1.486000e-03
7.680000e-09 6.616000e+00 1.480000e-03
7.690000e-09 6.620000e+00 1.474000e-03
7.700000e-09 6.624000e+00 1.468000e-03
7.710000e-09 6.628000e+00 1.461000e-03
7.720000e-09 6.632000e+00 1.455000e-03
7.730000e-09 6.636000e+00 1.449000e-03
7.740000e-09 6.640000e+00 1.443000e-03
7.750000e-09 6.644000e+00 1.436000e-03
7.760000e-09 6.648000e+00 1.430000e-03
7.770000e-09 6.652000e+00 1.424000e-03
7.780000e-09 6.655000e+00 1.418000e-03
7.790000e-09 6.659000e+00 1.412000e-03
7.800000e-09 6.663000e+00 1.406000e-03
7.810000e-09 6.666000e+00 1.400000e-03
7.820000e-09 6.670000e+00 1.394000e-03
7.830000e-09 6.673000e+00 1.388000e-03
7.840000e-09 6.677000e+00 1.382000e-03
7.850000e-09 6.681000e+00 1.376000e-03
7.860000e-09 6.684000e+00 1.371000e-03
7.870000e-09 6.687000e+00 1.365000e-03
7.880000e-09 6.691000e+00 1.359000e-03
7.890000e-09 6.694000e+00 1.353000e-03
7.900000e-09 6.698000e+00 1.348000e-03
7.910000e-09 6.701000e+00 1.342000e-03
7.920000e-09 6.704000e+00 1.336000e-03
7.930000e-09 6.707000e+00 1.331000e-03
7.940000e-09 6.711000e+00 1.325000e-03
7.950000e-09 6.714000e+00 1.320000e-03
7.960000e-09 6.717000e+00 1.314000e-03
7.970000e-09 6.720000e+00 1.309000e-03
7.980000e-09 6.723000e+00 1.303000e-03
7.990000e-09 6.727000e+00 1.297000e-03
8.000000e-09 6.730000e+00 1.292000e-03
