time te rho
3.010000e-09 2.084000e+01 1.608000e-03
3.020000e-09 2.098000e+01 1.594000e-03
3.030000e-09 2.112000e+01 1.580000e-03
3.040000e-09 2.127000e+01 1.566000e-03
3.050000e-09 2.141000e+01 1.552000e-03
3.060000e-09 2.155000e+01 1.539000e-03
3.070000e-09 2.169000e+01 1.525000e-03
3.080000e-09 2.183000e+01 1.512000e-03
3.090000e-09 2.197000e+01 1.499000e-03
3.100000e-09 2.211000e+01 1.486000e-03
3.110000e-09 2.225000e+01 1.473000e-03
3.120000e-09 2.239000e+01 1.461000e-03
3.130000e-09 2.253000e+01 1.448000e-03
3.140000e-09 2.267000e+01 1.436000e-03
3.150000e-09 2.282000e+01 1.423000e-03
3.160000e-09 2.296000e+01 1.411000e-03
3.170000e-09 2.310000e+01 1.399000e-03
3.180000e-09 2.324000e+01 1.387000e-03
3.190000e-09 2.338000e+01 1.376000e-03
3.200000e-09 2.352000e+01 1.364000e-03
3.210000e-09 2.366000e+01 1.353000e-03
3.220000e-09 2.380000e+01 1.341000e-03
3.230000e-09 2.394000e+01 1.330000e-03
3.240000e-09 2.408000e+01 1.319000e-03
3.250000e-09 2.422000e+01 1.308000e-03
3.260000e-09 2.436000e+01 1.297000e-03
3.270000e-09 2.450000e+01 1.286000e-03
3.280000e-09 2.464000e+01 1.276000e-03
3.290000e-09 2.478000e+01 1.265000e-03
3.300000e-09 2.492000e+01 1.255000e-03
3.310000e-09 2.506000e+01 1.245000e-03
3.320000e-09 2.520000e+01 1.234000e-03
3.330000e-09 2.534000e+01 1.224000e-03
3.340000e-09 2.548000e+01 1.214000e-03
3.350000e-09 2.562000e+01 1.205000e-03
3.360000e-09 2.576000e+01 1.195000e-03
3.370000e-09 2.590000e+01 1.185000e-03
3.380000e-09 2.604000e+01 1.176000e-03
3.390000e-09 2.618000e+01 1.166000e-03
3.400000e-09 2.632000e+01 1.157000e-03
3.410000e-09 2.646000e+01 1.148000e-03
3.420000e-09 2.660000e+01 1.139000e-03
3.430000e-09 2.674000e+01 1.130000e-03
3.440000e-09 2.687000e+01 1.121000e-03
3.450000e-09 2.701000e+01 1.112000e-03
3.460000e-09 2.715000e+01 1.103000e-03
3.470000e-09 2.729000e+01 1.095000e-03
3.480000e-09 2.742000e+01 1.086000e-03
3.490000e-09 2.756000e+01 1.078000e-03
3.500000e-09 2.770000e+01 1.069000e-03
3.510000e-09 2.783000e+01 1.061000e-03
3.520000e-09 2.797000e+01 1.053000e-03
3.530000e-09 2.810000e+01 1.044000e-03
3.540000e-09 2.824000e+01 1.036000e-03
3.550000e-09 2.837000e+01 1.028000e-03
3.560000e-09 2.851000e+01 1.020000e-03
3.570000e-09 2.864000e+01 1.012000e-03
3.580000e-09 2.878000e+01 1.005000e-03
3.590000e-09 2.891000e+01 9.969000e-04
3.600000e-09 2.904000e+01 9.892000e-04
3.610000e-09 2.918000e+01 9.815000e-04
3.620000e-09 2.931000e+01 9.740000e-04
3.630000e-09 2.944000e+01 9.665000e-04
3.640000e-09 2.958000e+01 9.590000e-04
3.650000e-09 2.971000e+01 9.516000e-04
3.660000e-09 2.984000e+01 9.442000e-04
3.670000e-09 2.997000e+01 9.370000e-04
3.680000e-09 3.010000e+01 9.297000e-04
3.690000e-09 3.023000e+01 9.225000e-04
3.700000e-09 3.036000e+01 9.154000e-04
3.710000e-09 3.049000e+01 9.084000e-04
3.720000e-09 3.062000e+01 9.014000e-04
3.730000e-09 3.075000e+01 8.944000e-04
3.740000e-09 3.088000e+01 8.876000e-04
3.750000e-09 3.100000e+01 8.807000e-04
3.760000e-09 3.113000e+01 8.740000e-04
3.770000e-09 3.126000e+01 8.673000e-04
3.780000e-09 3.139000e+01 8.607000e-04
3.790000e-09 3.151000e+01 8.541000e-04
3.800000e-09 3.164000e+01 8.476000e-04
3.810000e-09 3.176000e+01 8.411000e-04
3.820000e-09 3.189000e+01 8.348000e-04
3.830000e-09 3.202000e+01 8.285000e-04
3.840000e-09 3.214000e+01 8.222000e-04
3.850000e-09 3.226000e+01 8.160000e-04
3.860000e-09 3.239000e+01 8.099000e-04
3.870000e-09 3.251000e+01 8.039000e-04
3.880000e-09 3.263000e+01 7.979000e-04
3.890000e-09 3.276000e+01 7.919000e-04
3.900000e-09 3.288000e+01 7.861000e-04
3.910000e-09 3.300000e+01 7.803000e-04
3.920000e-09 3.312000e+01 7.745000e-04
3.930000e-09 3.324000e+01 7.688000e-04
3.940000e-09 3.336000e+01 7.632000e-04
3.950000e-09 3.347000e+01 7.576000e-04
3.960000e-09 3.359000e+01 7.521000e-04
3.970000e-09 3.371000e+01 7.466000e-04
3.980000e-09 3.382000e+01 7.411000e-04
3.990000e-09 3.394000e+01 7.357000e-04
4.000000e-09 3.405000e+01 7.304000e-04
4.010000e-09 3.417000e+01 7.250000e-04
4.020000e-09 3.428000e+01 7.197000e-04
4.030000e-09 3.439000e+01 7.145000e-04
4.040000e-09 3.450000e+01 7.093000e-04
4.050000e-09 3.461000e+01 7.041000e-04
4.060000e-09 3.472000e+01 6.989000e-04
4.070000e-09 3.482000e+01 6.938000e-04
4.080000e-09 3.493000e+01 6.887000e-04
4.090000e-09 3.503000e+01 6.836000e-04
4.100000e-09 3.513000e+01 6.786000e-04
4.110000e-09 3.524000e+01 6.736000e-04
4.120000e-09 3.534000e+01 6.686000e-04
4.130000e-09 3.543000e+01 6.636000e-04
4.140000e-09 3.553000e+01 6.586000e-04
4.150000e-09 3.563000e+01 6.537000e-04
4.160000e-09 3.572000e+01 6.488000e-04
4.170000e-09 3.582000e+01 6.439000e-04
4.180000e-09 3.591000e+01 6.390000e-04
4.190000e-09 3.600000e+01 6.341000e-04
4.200000e-09 3.609000e+01 6.293000e-04
4.210000e-09 3.617000e+01 6.245000e-04
4.220000e-09 3.626000e+01 6.197000e-04
4.230000e-09 3.634000e+01 6.150000e-04
4.240000e-09 3.642000e+01 6.103000e-04
4.250000e-09 3.650000e+01 6.056000e-04
4.260000e-09 3.658000e+01 6.009000e-04
4.270000e-09 3.666000e+01 5.963000e-04
4.280000e-09 3.673000e+01 5.916000e-04
4.290000e-09 3.681000e+01 5.871000e-04
4.300000e-09 3.688000e+01 5.825000e-04
4.310000e-09 3.695000e+01 5.780000e-04
4.320000e-09 3.702000e+01 5.735000e-04
4.330000e-09 3.708000e+01 5.691000e-04
4.340000e-09 3.715000e+01 5.646000e-04
4.350000e-09 3.721000e+01 5.602000e-04
4.360000e-09 3.727000e+01 5.559000e-04
4.370000e-09 3.733000e+01 5.516000e-04
4.380000e-09 3.738000e+01 5.473000e-04
4.390000e-09 3.744000e+01 5.430000e-04
4.400000e-09 3.749000e+01 5.388000e-04
4.410000e-09 3.754000e+01 5.346000e-04
4.420000e-09 3.759000e+01 5.305000e-04
4.430000e-09 3.764000e+01 5.264000e-04
4.440000e-09 3.768000e+01 5.223000e-04
4.450000e-09 3.773000e+01 5.183000e-04
4.460000e-09 3.777000e+01 5.143000e-04
4.470000e-09 3.781000e+01 5.103000e-04
4.480000e-09 3.785000e+01 5.063000e-04
4.490000e-09 3.788000e+01 5.024000e-04
4.500000e-09 3.792000e+01 4.986000e-04
4.510000e-09 3.795000e+01 4.948000e-04
4.520000e-09 3.798000e+01 4.910000e-04
4.530000e-09 3.801000e+01 4.872000e-04
4.540000e-09 3.804000e+01 4.835000e-04
4.550000e-09 3.807000e+01 4.798000e-04
4.560000e-09 3.810000e+01 4.762000e-04
4.570000e-09 3.812000e+01 4.725000e-04
4.580000e-09 3.814000e+01 4.690000e-04
4.590000e-09 3.816000e+01 4.654000e-04
4.600000e-09 3.818000e+01 4.619000e-04
4.610000e-09 3.820000e+01 4.584000e-04
4.620000e-09 3.822000e+01 4.550000e-04
4.630000e-09 3.823000e+01 4.516000e-04
4.640000e-09 3.825000e+01 4.482000e-04
4.650000e-09 3.826000e+01 4.449000e-04
4.660000e-09 3.828000e+01 4.416000e-04
4.670000e-09 3.829000e+01 4.383000e-04
4.680000e-09 3.830000e+01 4.350000e-04
4.690000e-09 3.831000e+01 4.318000e-04
4.700000e-09 3.831000e+01 4.286000e-04
4.710000e-09 3.832000e+01 4.255000e-04
4.720000e-09 3.833000e+01 4.224000e-04
4.730000e-09 3.833000e+01 4.193000e-04
4.740000e-09 3.834000e+01 4.162000e-04
4.750000e-09 3.834000e+01 4.132000e-04
4.760000e-09 3.834000e+01 4.102000e-04
4.770000e-09 3.834000e+01 4.072000e-04
4.780000e-09 3.834000e+01 4.043000e-04
4.790000e-09 3.834000e+01 4.014000e-04
4.800000e-09 3.834000e+01 3.985000e-04
4.810000e-09 3.834000e+01 3.956000e-04
4.820000e-09 3.834000e+01 3.928000e-04
4.830000e-09 3.833000e+01 3.900000e-04
4.840000e-09 3.833000e+01 3.873000e-04
4.850000e-09 3.832000e+01 3.845000e-04
4.860000e-09 3.832000e+01 3.818000e-04
4.870000e-09 3.831000e+01 3.791000e-04
4.880000e-09 3.830000e+01 3.765000e-04
4.890000e-09 3.829000e+01 3.739000e-04
4.900000e-09 3.828000e+01 3.713000e-04
4.910000e-09 3.827000e+01 3.687000e-04
4.920000e-09 3.826000e+01 3.662000e-04
4.930000e-09 3.825000e+01 3.637000e-04
4.940000e-09 3.824000e+01 3.613000e-04
4.950000e-09 3.822000e+01 3.588000e-04
4.960000e-09 3.821000e+01 3.565000e-04
4.970000e-09 3.819000e+01 3.541000e-04
4.980000e-09 3.817000e+01 3.518000e-04
4.990000e-09 3.815000e+01 3.496000e-04
5.000000e-09 3.813000e+01 3.473000e-04
5.010000e-09 3.811000e+01 3.452000e-04
5.020000e-09 3.808000e+01 3.430000e-04
5.030000e-09 3.806000e+01 3.410000e-04
5.040000e-09 3.803000e+01 3.389000e-04
5.050000e-09 3.800000e+01 3.370000e-04
5.060000e-09 3.797000e+01 3.350000e-04
5.070000e-09 3.793000e+01 3.332000e-04
5.080000e-09 3.789000e+01 3.313000e-04
5.090000e-09 3.786000e+01 3.296000e-04
5.100000e-09 3.782000e+01 3.278000e-04
5.110000e-09 3.777000e+01 3.261000e-04
5.120000e-09 3.773000e+01 3.245000e-04
5.130000e-09 3.769000e+01 3.228000e-04
5.140000e-09 3.764000e+01 3.212000e-04
5.150000e-09 3.759000e+01 3.197000e-04
5.160000e-09 3.755000e+01 3.181000e-04
5.170000e-09 3.750000e+01 3.166000e-04
5.180000e-09 3.745000e+01 3.150000e-04
5.190000e-09 3.741000e+01 3.135000e-04
5.200000e-09 3.736000e+01 3.119000e-04
5.210000e-09 3.731000e+01 3.104000e-04
5.220000e-09 3.727000e+01 3.088000e-04
5.230000e-09 3.722000e+01 3.072000e-04
5.240000e-09 3.718000e+01 3.056000e-04
5.250000e-09 3.714000e+01 3.040000e-04
5.260000e-09 3.709000e+01 3.024000e-04
5.270000e-09 3.705000e+01 3.008000e-04
5.280000e-09 3.701000e+01 2.991000e-04
5.290000e-09 3.697000e+01 2.974000e-04
5.300000e-09 3.694000e+01 2.957000e-04
5.310000e-09 3.690000e+01 2.940000e-04
5.320000e-09 3.686000e+01 2.923000e-04
5.330000e-09 3.683000e+01 2.906000e-04
5.340000e-09 3.679000e+01 2.889000e-04
5.350000e-09 3.676000e+01 2.872000e-04
5.360000e-09 3.672000e+01 2.854000e-04
5.370000e-09 3.669000e+01 2.837000e-04
5.380000e-09 3.665000e+01 2.820000e-04
5.390000e-09 3.662000e+01 2.802000e-04
5.400000e-09 3.659000e+01 2.785000e-04
5.410000e-09 3.655000e+01 2.768000e-04
5.420000e-09 3.652000e+01 2.751000e-04
5.430000e-09 3.648000e+01 2.734000e-04
5.440000e-09 3.645000e+01 2.717000e-04
5.450000e-09 3.642000e+01 2.700000e-04
5.460000e-09 3.638000e+01 2.683000e-04
5.470000e-09 3.635000e+01 2.666000e-04
5.480000e-09 3.631000e+01 2.649000e-04
5.490000e-09 3.628000e+01 2.632000e-04
5.500000e-09 3.624000e+01 2.615000e-04
5.510000e-09 3.621000e+01 2.598000e-04
5.520000e-09 3.617000e+01 2.582000e-04
5.530000e-09 3.614000e+01 2.565000e-04
5.540000e-09 3.610000e+01 2.548000e-04
5.550000e-09 3.607000e+01 2.531000e-04
5.560000e-09 3.603000e+01 2.514000e-04
5.570000e-09 3.600000e+01 2.497000e-04
5.580000e-09 3.596000e+01 2.481000e-04
5.590000e-09 3.592000e+01 2.464000e-04
5.600000e-09 3.589000e+01 2.448000e-04
5.610000e-09 3.585000e+01 2.431000e-04
5.620000e-09 3.581000e+01 2.415000e-04
5.630000e-09 3.578000e+01 2.398000e-04
5.640000e-09 3.574000e+01 2.382000e-04
5.650000e-09 3.570000e+01 2.366000e-04
5.660000e-09 3.566000e+01 2.351000e-04
5.670000e-09 3.563000e+01 2.335000e-04
5.680000e-09 3.559000e+01 2.320000e-04
5.690000e-09 3.555000e+01 2.305000e-04
5.700000e-09 3.551000e+01 2.290000e-04
5.710000e-09 3.547000e+01 2.275000e-04
5.720000e-09 3.544000e+01 2.261000e-04
5.730000e-09 3.540000e+01 2.247000e-04
5.740000e-09 3.536000e+01 2.233000e-04
5.750000e-09 3.532000e+01 2.219000e-04
5.760000e-09 3.528000e+01 2.206000e-04
5.770000e-09 3.524000e+01 2.192000e-04
5.780000e-09 3.520000e+01 2.179000e-04
5.790000e-09 3.516000e+01 2.167000e-04
5.800000e-09 3.512000e+01 2.154000e-04
5.810000e-09 3.508000e+01 2.141000e-04
5.820000e-09 3.504000e+01 2.129000e-04
5.830000e-09 3.500000e+01 2.117000e-04
5.840000e-09 3.496000e+01 2.105000e-04
5.850000e-09 3.491000e+01 2.093000e-04
5.860000e-09 3.487000e+01 2.081000e-04
5.870000e-09 3.483000e+01 2.069000e-04
5.880000e-09 3.479000e+01 2.058000e-04
5.890000e-09 3.475000e+01 2.046000e-04
5.900000e-09 3.470000e+01 2.035000e-04
5.910000e-09 3.466000e+01 2.024000e-04
5.920000e-09 3.462000e+01 2.012000e-04
5.930000e-09 3.458000e+01 2.001000e-04
5.940000e-09 3.453000e+01 1.990000e-04
5.950000e-09 3.449000e+01 1.979000e-04
5.960000e-09 3.445000e+01 1.968000e-04
5.970000e-09 3.440000e+01 1.957000e-04
5.980000e-09 3.436000e+01 1.947000e-04
5.990000e-09 3.432000e+01 1.936000e-04
6.000000e-09 3.427000e+01 1.925000e-04
6.010000e-09 3.423000e+01 1.915000e-04
6.020000e-09 3.418000e+01 1.904000e-04
6.030000e-09 3.414000e+01 1.894000e-04
6.040000e-09 3.410000e+01 1.883000e-04
6.050000e-09 3.405000e+01 1.873000e-04
6.060000e-09 3.401000e+01 1.863000e-04
6.070000e-09 3.396000e+01 1.852000e-04
6.080000e-09 3.392000e+01 1.842000e-04
6.090000e-09 3.387000e+01 1.832000e-04
6.100000e-09 3.383000e+01 1.822000e-04
6.110000e-09 3.378000e+01 1.812000e-04
6.120000e-09 3.374000e+01 1.803000e-04
6.130000e-09 3.369000e+01 1.793000e-04
6.140000e-09 3.365000e+01 1.783000e-04
6.150000e-09 3.360000e+01 1.773000e-04
6.160000e-09 3.356000e+01 1.764000e-04
6.170000e-09 3.351000e+01 1.754000e-04
6.180000e-09 3.347000e+01 1.745000e-04
6.190000e-09 3.342000e+01 1.735000e-04
6.200000e-09 3.338000e+01 1.726000e-04
6.210000e-09 3.333000e+01 1.717000e-04
6.220000e-09 3.329000e+01 1.707000e-04
6.230000e-09 3.324000e+01 1.698000e-04
6.240000e-09 3.320000e+01 1.689000e-04
6.250000e-09 3.315000e+01 1.680000e-04
6.260000e-09 3.311000e+01 1.671000e-04
6.270000e-09 3.306000e+01 1.662000e-04
6.280000e-09 3.302000e+01 1.653000e-04
6.290000e-09 3.297000e+01 1.644000e-04
6.300000e-09 3.293000e+01 1.635000e-04
6.310000e-09 3.288000e+01 1.627000e-04
6.320000e-09 3.284000e+01 1.618000e-04
6.330000e-09 3.279000e+01 1.609000e-04
6.340000e-09 3.275000e+01 1.601000e-04
6.350000e-09 3.270000e+01 1.592000e-04
6.360000e-09 3.266000e+01 1.584000e-04
6.370000e-09 3.261000e+01 1.576000e-04
6.380000e-09 3.257000e+01 1.567000e-04
6.390000e-09 3.252000e+01 1.559000e-04
6.400000e-09 3.248000e+01 1.551000e-04
6.410000e-09 3.243000e+01 1.542000e-04
6.420000e-09 3.239000e+01 1.534000e-04
6.430000e-09 3.234000e+01 1.526000e-04
6.440000e-09 3.230000e+01 1.518000e-04
6.450000e-09 3.225000e+01 1.510000e-04
6.460000e-09 3.221000e+01 1.502000e-04
6.470000e-09 3.216000e+01 1.494000e-04
6.480000e-09 3.212000e+01 1.486000e-04
6.490000e-09 3.207000e+01 1.479000e-04
6.500000e-09 3.203000e+01 1.471000e-04
6.510000e-09 3.199000e+01 1.463000e-04
6.520000e-09 3.194000e+01 1.456000e-04
6.530000e-09 3.190000e+01 1.448000e-04
6.540000e-09 3.185000e+01 1.440000e-04
6.550000e-09 3.181000e+01 1.433000e-04
6.560000e-09 3.176000e+01 1.425000e-04
6.570000e-09 3.172000e+01 1.418000e-04
6.580000e-09 3.167000e+01 1.410000e-04
6.590000e-09 3.163000e+01 1.403000e-04
6.600000e-09 3.158000e+01 1.396000e-04
6.610000e-09 3.154000e+01 1.388000e-04
6.620000e-09 3.149000e+01 1.381000e-04
6.630000e-09 3.145000e+01 1.374000e-04
6.640000e-09 3.140000e+01 1.367000e-04
6.650000e-09 3.136000e+01 1.360000e-04
6.660000e-09 3.131000e+01 1.352000e-04
6.670000e-09 3.127000e+01 1.345000e-04
6.680000e-09 3.123000e+01 1.338000e-04
6.690000e-09 3.118000e+01 1.331000e-04
6.700000e-09 3.114000e+01 1.324000e-04
6.710000e-09 3.109000e+01 1.317000e-04
6.720000e-09 3.105000e+01 1.310000e-04
6.730000e-09 3.100000e+01 1.303000e-04
6.740000e-09 3.096000e+01 1.296000e-04
6.750000e-09 3.091000e+01 1.288000e-04
6.760000e-09 3.087000e+01 1.281000e-04
6.770000e-09 3.082000e+01 1.274000e-04
6.780000e-09 3.078000e+01 1.267000e-04
6.790000e-09 3.074000e+01 1.260000e-04
6.800000e-09 3.069000e+01 1.253000e-04
6.810000e-09 3.065000e+01 1.245000e-04
6.820000e-09 3.060000e+01 1.238000e-04
6.830000e-09 3.056000e+01 1.231000e-04
6.840000e-09 3.051000e+01 1.224000e-04
6.850000e-09 3.047000e+01 1.217000e-04
6.860000e-09 3.043000e+01 1.210000e-04
6.870000e-09 3.038000e+01 1.203000e-04
6.880000e-09 3.034000e+01 1.196000e-04
6.890000e-09 3.029000e+01 1.189000e-04
6.900000e-09 3.025000e+01 1.182000e-04
6.910000e-09 3.021000e+01 1.175000e-04
6.920000e-09 3.016000e+01 1.168000e-04
6.930000e-09 3.012000e+01 1.162000e-04
6.940000e-09 3.008000e+01 1.155000e-04
6.950000e-09 3.003000e+01 1.149000e-04
6.960000e-09 2.999000e+01 1.142000e-04
6.970000e-09 2.995000e+01 1.136000e-04
6.980000e-09 2.990000e+01 1.130000e-04
6.990000e-09 2.986000e+01 1.124000e-04
7.000000e-09 2.982000e+01 1.118000e-04
