time te rho
3.010000e-09 1.837000e+01 2.123000e-03
3.020000e-09 1.851000e+01 2.102000e-03
3.030000e-09 1.864000e+01 2.081000e-03
3.040000e-09 1.878000e+01 2.061000e-03
3.050000e-09 1.891000e+01 2.041000e-03
3.060000e-09 1.905000e+01 2.022000e-03
3.070000e-09 1.918000e+01 2.003000e-03
3.080000e-09 1.932000e+01 1.984000e-03
3.090000e-09 1.945000e+01 1.966000e-03
3.100000e-09 1.959000e+01 1.948000e-03
3.110000e-09 1.972000e+01 1.931000e-03
3.120000e-09 1.986000e+01 1.914000e-03
3.130000e-09 1.999000e+01 1.897000e-03
3.140000e-09 2.013000e+01 1.880000e-03
3.150000e-09 2.026000e+01 1.864000e-03
3.160000e-09 2.040000e+01 1.848000e-03
3.170000e-09 2.053000e+01 1.832000e-03
3.180000e-09 2.067000e+01 1.817000e-03
3.190000e-09 2.081000e+01 1.802000e-03
3.200000e-09 2.094000e+01 1.787000e-03
3.210000e-09 2.108000e+01 1.772000e-03
3.220000e-09 2.122000e+01 1.758000e-03
3.230000e-09 2.136000e+01 1.743000e-03
3.240000e-09 2.150000e+01 1.729000e-03
3.250000e-09 2.164000e+01 1.716000e-03
3.260000e-09 2.178000e+01 1.702000e-03
3.270000e-09 2.192000e+01 1.688000e-03
3.280000e-09 2.206000e+01 1.675000e-03
3.290000e-09 2.220000e+01 1.662000e-03
3.300000e-09 2.234000e+01 1.649000e-03
3.310000e-09 2.248000e+01 1.636000e-03
3.320000e-09 2.263000e+01 1.623000e-03
3.330000e-09 2.277000e+01 1.610000e-03
3.340000e-09 2.291000e+01 1.598000e-03
3.350000e-09 2.306000e+01 1.585000e-03
3.360000e-09 2.320000e+01 1.573000e-03
3.370000e-09 2.335000e+01 1.561000e-03
3.380000e-09 2.349000e+01 1.549000e-03
3.390000e-09 2.364000e+01 1.537000e-03
3.400000e-09 2.379000e+01 1.525000e-03
3.410000e-09 2.393000e+01 1.513000e-03
3.420000e-09 2.408000e+01 1.501000e-03
3.430000e-09 2.423000e+01 1.489000e-03
3.440000e-09 2.437000e+01 1.478000e-03
3.450000e-09 2.452000e+01 1.466000e-03
3.460000e-09 2.467000e+01 1.455000e-03
3.470000e-09 2.482000e+01 1.443000e-03
3.480000e-09 2.497000e+01 1.432000e-03
3.490000e-09 2.511000e+01 1.421000e-03
3.500000e-09 2.526000e+01 1.410000e-03
3.510000e-09 2.541000e+01 1.399000e-03
3.520000e-09 2.556000e+01 1.388000e-03
3.530000e-09 2.571000e+01 1.377000e-03
3.540000e-09 2.586000e+01 1.366000e-03
3.550000e-09 2.601000e+01 1.355000e-03
3.560000e-09 2.616000e+01 1.345000e-03
3.570000e-09 2.631000e+01 1.335000e-03
3.580000e-09 2.646000e+01 1.324000e-03
3.590000e-09 2.661000e+01 1.314000e-03
3.600000e-09 2.676000e+01 1.304000e-03
3.610000e-09 2.691000e+01 1.294000e-03
3.620000e-09 2.706000e+01 1.284000e-03
3.630000e-09 2.721000e+01 1.274000e-03
3.640000e-09 2.736000e+01 1.264000e-03
3.650000e-09 2.751000e+01 1.255000e-03
3.660000e-09 2.766000e+01 1.245000e-03
3.670000e-09 2.781000e+01 1.235000e-03
3.680000e-09 2.796000e+01 1.226000e-03
3.690000e-09 2.812000e+01 1.217000e-03
3.700000e-09 2.827000e+01 1.207000e-03
3.710000e-09 2.842000e+01 1.198000e-03
3.720000e-09 2.857000e+01 1.189000e-03
3.730000e-09 2.873000e+01 1.180000e-03
3.740000e-09 2.888000e+01 1.171000e-03
3.750000e-09 2.903000e+01 1.162000e-03
3.760000e-09 2.918000e+01 1.153000e-03
3.770000e-09 2.934000e+01 1.145000e-03
3.780000e-09 2.949000e+01 1.136000e-03
3.790000e-09 2.964000e+01 1.127000e-03
3.800000e-09 2.979000e+01 1.119000e-03
3.810000e-09 2.995000e+01 1.110000e-03
3.820000e-09 3.010000e+01 1.102000e-03
3.830000e-09 3.025000e+01 1.093000e-03
3.840000e-09 3.040000e+01 1.085000e-03
3.850000e-09 3.056000e+01 1.077000e-03
3.860000e-09 3.071000e+01 1.069000e-03
3.870000e-09 3.086000e+01 1.061000e-03
3.880000e-09 3.101000e+01 1.053000e-03
3.890000e-09 3.116000e+01 1.045000e-03
3.900000e-09 3.131000e+01 1.037000e-03
3.910000e-09 3.147000e+01 1.029000e-03
3.920000e-09 3.162000e+01 1.021000e-03
3.930000e-09 3.177000e+01 1.014000e-03
3.940000e-09 3.192000e+01 1.006000e-03
3.950000e-09 3.207000e+01 9.985000e-04
3.960000e-09 3.222000e+01 9.911000e-04
3.970000e-09 3.237000e+01 9.837000e-04
3.980000e-09 3.252000e+01 9.764000e-04
3.990000e-09 3.267000e+01 9.692000e-04
4.000000e-09 3.282000e+01 9.621000e-04
4.010000e-09 3.297000e+01 9.550000e-04
4.020000e-09 3.312000e+01 9.480000e-04
4.030000e-09 3.327000e+01 9.411000e-04
4.040000e-09 3.341000e+01 9.342000e-04
4.050000e-09 3.356000e+01 9.274000e-04
4.060000e-09 3.371000e+01 9.207000e-04
4.070000e-09 3.385000e+01 9.140000e-04
4.080000e-09 3.400000e+01 9.073000e-04
4.090000e-09 3.415000e+01 9.007000e-04
4.100000e-09 3.429000e+01 8.942000e-04
4.110000e-09 3.444000e+01 8.877000e-04
4.120000e-09 3.458000e+01 8.812000e-04
4.130000e-09 3.472000e+01 8.748000e-04
4.140000e-09 3.486000e+01 8.684000e-04
4.150000e-09 3.500000e+01 8.621000e-04
4.160000e-09 3.514000e+01 8.558000e-04
4.170000e-09 3.528000e+01 8.495000e-04
4.180000e-09 3.542000e+01 8.432000e-04
4.190000e-09 3.556000e+01 8.370000e-04
4.200000e-09 3.569000e+01 8.307000e-04
4.210000e-09 3.582000e+01 8.246000e-04
4.220000e-09 3.596000e+01 8.184000e-04
4.230000e-09 3.609000e+01 8.123000e-04
4.240000e-09 3.622000e+01 8.061000e-04
4.250000e-09 3.634000e+01 8.000000e-04
4.260000e-09 3.647000e+01 7.940000e-04
4.270000e-09 3.660000e+01 7.879000e-04
4.280000e-09 3.672000e+01 7.819000e-04
4.290000e-09 3.684000e+01 7.759000e-04
4.300000e-09 3.696000e+01 7.699000e-04
4.310000e-09 3.708000e+01 7.640000e-04
4.320000e-09 3.719000e+01 7.581000e-04
4.330000e-09 3.731000e+01 7.522000e-04
4.340000e-09 3.742000e+01 7.463000e-04
4.350000e-09 3.753000e+01 7.405000e-04
4.360000e-09 3.764000e+01 7.347000e-04
4.370000e-09 3.775000e+01 7.289000e-04
4.380000e-09 3.785000e+01 7.231000e-04
4.390000e-09 3.795000e+01 7.174000e-04
4.400000e-09 3.805000e+01 7.118000e-04
4.410000e-09 3.815000e+01 7.061000e-04
4.420000e-09 3.825000e+01 7.005000e-04
4.430000e-09 3.834000e+01 6.950000e-04
4.440000e-09 3.844000e+01 6.894000e-04
4.450000e-09 3.853000e+01 6.839000e-04
4.460000e-09 3.861000e+01 6.785000e-04
4.470000e-09 3.870000e+01 6.731000e-04
4.480000e-09 3.878000e+01 6.677000e-04
4.490000e-09 3.887000e+01 6.624000e-04
4.500000e-09 3.894000e+01 6.571000e-04
4.510000e-09 3.902000e+01 6.519000e-04
4.520000e-09 3.910000e+01 6.467000e-04
4.530000e-09 3.917000e+01 6.415000e-04
4.540000e-09 3.924000e+01 6.364000e-04
4.550000e-09 3.931000e+01 6.313000e-04
4.560000e-09 3.938000e+01 6.263000e-04
4.570000e-09 3.944000e+01 6.213000e-04
4.580000e-09 3.951000e+01 6.163000e-04
4.590000e-09 3.957000e+01 6.114000e-04
4.600000e-09 3.962000e+01 6.066000e-04
4.610000e-09 3.968000e+01 6.018000e-04
4.620000e-09 3.974000e+01 5.970000e-04
4.630000e-09 3.979000e+01 5.923000e-04
4.640000e-09 3.984000e+01 5.876000e-04
4.650000e-09 3.989000e+01 5.829000e-04
4.660000e-09 3.993000e+01 5.783000e-04
4.670000e-09 3.998000e+01 5.738000e-04
4.680000e-09 4.002000e+01 5.693000e-04
4.690000e-09 4.006000e+01 5.648000e-04
4.700000e-09 4.010000e+01 5.604000e-04
4.710000e-09 4.014000e+01 5.560000e-04
4.720000e-09 4.017000e+01 5.517000e-04
4.730000e-09 4.021000e+01 5.474000e-04
4.740000e-09 4.024000e+01 5.432000e-04
4.750000e-09 4.027000e+01 5.390000e-04
4.760000e-09 4.030000e+01 5.349000e-04
4.770000e-09 4.032000e+01 5.308000e-04
4.780000e-09 4.035000e+01 5.267000e-04
4.790000e-09 4.037000e+01 5.227000e-04
4.800000e-09 4.039000e+01 5.188000e-04
4.810000e-09 4.041000e+01 5.149000e-04
4.820000e-09 4.043000e+01 5.110000e-04
4.830000e-09 4.045000e+01 5.072000e-04
4.840000e-09 4.046000e+01 5.034000e-04
4.850000e-09 4.047000e+01 4.997000e-04
4.860000e-09 4.049000e+01 4.960000e-04
4.870000e-09 4.050000e+01 4.924000e-04
4.880000e-09 4.051000e+01 4.888000e-04
4.890000e-09 4.051000e+01 4.853000e-04
4.900000e-09 4.052000e+01 4.818000e-04
4.910000e-09 4.052000e+01 4.784000e-04
4.920000e-09 4.053000e+01 4.750000e-04
4.930000e-09 4.053000e+01 4.717000e-04
4.940000e-09 4.053000e+01 4.684000e-04
4.950000e-09 4.053000e+01 4.652000e-04
4.960000e-09 4.052000e+01 4.620000e-04
4.970000e-09 4.052000e+01 4.589000e-04
4.980000e-09 4.051000e+01 4.558000e-04
4.990000e-09 4.050000e+01 4.529000e-04
5.000000e-09 4.049000e+01 4.499000e-04
5.010000e-09 4.048000e+01 4.470000e-04
5.020000e-09 4.046000e+01 4.442000e-04
5.030000e-09 4.044000e+01 4.415000e-04
5.040000e-09 4.042000e+01 4.388000e-04
5.050000e-09 4.040000e+01 4.362000e-04
5.060000e-09 4.038000e+01 4.336000e-04
5.070000e-09 4.035000e+01 4.311000e-04
5.080000e-09 4.032000e+01 4.287000e-04
5.090000e-09 4.029000e+01 4.263000e-04
5.100000e-09 4.025000e+01 4.240000e-04
5.110000e-09 4.021000e+01 4.217000e-04
5.120000e-09 4.018000e+01 4.195000e-04
5.130000e-09 4.014000e+01 4.173000e-04
5.140000e-09 4.010000e+01 4.152000e-04
5.150000e-09 4.006000e+01 4.131000e-04
5.160000e-09 4.001000e+01 4.110000e-04
5.170000e-09 3.997000e+01 4.089000e-04
5.180000e-09 3.993000e+01 4.069000e-04
5.190000e-09 3.989000e+01 4.049000e-04
5.200000e-09 3.985000e+01 4.028000e-04
5.210000e-09 3.980000e+01 4.008000e-04
5.220000e-09 3.977000e+01 3.987000e-04
5.230000e-09 3.973000e+01 3.967000e-04
5.240000e-09 3.969000e+01 3.946000e-04
5.250000e-09 3.965000e+01 3.925000e-04
5.260000e-09 3.962000e+01 3.904000e-04
5.270000e-09 3.959000e+01 3.883000e-04
5.280000e-09 3.956000e+01 3.862000e-04
5.290000e-09 3.953000e+01 3.840000e-04
5.300000e-09 3.950000e+01 3.819000e-04
5.310000e-09 3.947000e+01 3.797000e-04
5.320000e-09 3.944000e+01 3.775000e-04
5.330000e-09 3.942000e+01 3.754000e-04
5.340000e-09 3.939000e+01 3.732000e-04
5.350000e-09 3.937000e+01 3.710000e-04
5.360000e-09 3.934000e+01 3.688000e-04
5.370000e-09 3.932000e+01 3.666000e-04
5.380000e-09 3.929000e+01 3.645000e-04
5.390000e-09 3.927000e+01 3.623000e-04
5.400000e-09 3.925000e+01 3.602000e-04
5.410000e-09 3.922000e+01 3.580000e-04
5.420000e-09 3.920000e+01 3.559000e-04
5.430000e-09 3.918000e+01 3.538000e-04
5.440000e-09 3.915000e+01 3.517000e-04
5.450000e-09 3.913000e+01 3.496000e-04
5.460000e-09 3.910000e+01 3.475000e-04
5.470000e-09 3.908000e+01 3.454000e-04
5.480000e-09 3.905000e+01 3.434000e-04
5.490000e-09 3.903000e+01 3.413000e-04
5.500000e-09 3.900000e+01 3.393000e-04
5.510000e-09 3.897000e+01 3.373000e-04
5.520000e-09 3.895000e+01 3.353000e-04
5.530000e-09 3.892000e+01 3.333000e-04
5.540000e-09 3.889000e+01 3.313000e-04
5.550000e-09 3.886000e+01 3.294000e-04
5.560000e-09 3.883000e+01 3.274000e-04
5.570000e-09 3.880000e+01 3.255000e-04
5.580000e-09 3.877000e+01 3.236000e-04
5.590000e-09 3.874000e+01 3.217000e-04
5.600000e-09 3.871000e+01 3.198000e-04
5.610000e-09 3.868000e+01 3.179000e-04
5.620000e-09 3.865000e+01 3.161000e-04
5.630000e-09 3.862000e+01 3.142000e-04
5.640000e-09 3.858000e+01 3.124000e-04
5.650000e-09 3.855000e+01 3.105000e-04
5.660000e-09 3.852000e+01 3.087000e-04
5.670000e-09 3.848000e+01 3.069000e-04
5.680000e-09 3.845000e+01 3.051000e-04
5.690000e-09 3.841000e+01 3.033000e-04
5.700000e-09 3.838000e+01 3.016000e-04
5.710000e-09 3.834000e+01 2.998000e-04
5.720000e-09 3.830000e+01 2.981000e-04
5.730000e-09 3.827000e+01 2.964000e-04
5.740000e-09 3.823000e+01 2.946000e-04
5.750000e-09 3.819000e+01 2.929000e-04
5.760000e-09 3.816000e+01 2.913000e-04
5.770000e-09 3.812000e+01 2.896000e-04
5.780000e-09 3.808000e+01 2.879000e-04
5.790000e-09 3.804000e+01 2.863000e-04
5.800000e-09 3.800000e+01 2.846000e-04
5.810000e-09 3.796000e+01 2.830000e-04
5.820000e-09 3.792000e+01 2.814000e-04
5.830000e-09 3.788000e+01 2.798000e-04
5.840000e-09 3.784000e+01 2.782000e-04
5.850000e-09 3.780000e+01 2.767000e-04
5.860000e-09 3.776000e+01 2.751000e-04
5.870000e-09 3.772000e+01 2.736000e-04
5.880000e-09 3.768000e+01 2.720000e-04
5.890000e-09 3.764000e+01 2.705000e-04
5.900000e-09 3.760000e+01 2.690000e-04
5.910000e-09 3.756000e+01 2.675000e-04
5.920000e-09 3.752000e+01 2.660000e-04
5.930000e-09 3.748000e+01 2.645000e-04
5.940000e-09 3.744000e+01 2.630000e-04
5.950000e-09 3.740000e+01 2.616000e-04
5.960000e-09 3.736000e+01 2.601000e-04
5.970000e-09 3.731000e+01 2.587000e-04
5.980000e-09 3.727000e+01 2.573000e-04
5.990000e-09 3.723000e+01 2.558000e-04
6.000000e-09 3.719000e+01 2.544000e-04
6.010000e-09 3.715000e+01 2.530000e-04
6.020000e-09 3.711000e+01 2.516000e-04
6.030000e-09 3.707000e+01 2.502000e-04
6.040000e-09 3.703000e+01 2.488000e-04
6.050000e-09 3.699000e+01 2.474000e-04
6.060000e-09 3.695000e+01 2.460000e-04
6.070000e-09 3.691000e+01 2.446000e-04
6.080000e-09 3.686000e+01 2.432000e-04
6.090000e-09 3.682000e+01 2.418000e-04
6.100000e-09 3.678000e+01 2.404000e-04
6.110000e-09 3.674000e+01 2.390000e-04
6.120000e-09 3.670000e+01 2.376000e-04
6.130000e-09 3.666000e+01 2.361000e-04
6.140000e-09 3.661000e+01 2.347000e-04
6.150000e-09 3.657000e+01 2.333000e-04
6.160000e-09 3.653000e+01 2.319000e-04
6.170000e-09 3.649000e+01 2.305000e-04
6.180000e-09 3.644000e+01 2.291000e-04
6.190000e-09 3.640000e+01 2.277000e-04
6.200000e-09 3.636000e+01 2.263000e-04
6.210000e-09 3.631000e+01 2.249000e-04
6.220000e-09 3.627000e+01 2.235000e-04
6.230000e-09 3.622000e+01 2.221000e-04
6.240000e-09 3.618000e+01 2.208000e-04
6.250000e-09 3.614000e+01 2.194000e-04
6.260000e-09 3.609000e+01 2.181000e-04
6.270000e-09 3.605000e+01 2.168000e-04
6.280000e-09 3.600000e+01 2.155000e-04
6.290000e-09 3.596000e+01 2.142000e-04
6.300000e-09 3.591000e+01 2.129000e-04
6.310000e-09 3.587000e+01 2.117000e-04
6.320000e-09 3.582000e+01 2.105000e-04
6.330000e-09 3.577000e+01 2.093000e-04
6.340000e-09 3.573000e+01 2.081000e-04
6.350000e-09 3.568000e+01 2.069000e-04
6.360000e-09 3.563000e+01 2.057000e-04
6.370000e-09 3.559000e+01 2.046000e-04
6.380000e-09 3.554000e+01 2.035000e-04
6.390000e-09 3.549000e+01 2.023000e-04
6.400000e-09 3.545000e+01 2.012000e-04
6.410000e-09 3.540000e+01 2.002000e-04
6.420000e-09 3.535000e+01 1.991000e-04
6.430000e-09 3.530000e+01 1.980000e-04
6.440000e-09 3.525000e+01 1.970000e-04
6.450000e-09 3.521000e+01 1.959000e-04
6.460000e-09 3.516000e+01 1.949000e-04
6.470000e-09 3.511000e+01 1.938000e-04
6.480000e-09 3.506000e+01 1.928000e-04
6.490000e-09 3.501000e+01 1.918000e-04
6.500000e-09 3.496000e+01 1.908000e-04
6.510000e-09 3.491000e+01 1.898000e-04
6.520000e-09 3.486000e+01 1.888000e-04
6.530000e-09 3.482000e+01 1.878000e-04
6.540000e-09 3.477000e+01 1.868000e-04
6.550000e-09 3.472000e+01 1.858000e-04
6.560000e-09 3.467000e+01 1.849000e-04
6.570000e-09 3.462000e+01 1.839000e-04
6.580000e-09 3.457000e+01 1.829000e-04
6.590000e-09 3.452000e+01 1.820000e-04
6.600000e-09 3.447000e+01 1.810000e-04
6.610000e-09 3.442000e+01 1.801000e-04
6.620000e-09 3.437000e+01 1.792000e-04
6.630000e-09 3.432000e+01 1.782000e-04
6.640000e-09 3.427000e+01 1.773000e-04
6.650000e-09 3.422000e+01 1.764000e-04
6.660000e-09 3.417000e+01 1.755000e-04
6.670000e-09 3.412000e+01 1.746000e-04
6.680000e-09 3.407000e+01 1.737000e-04
6.690000e-09 3.402000e+01 1.728000e-04
6.700000e-09 3.397000e+01 1.719000e-04
6.710000e-09 3.392000e+01 1.710000e-04
6.720000e-09 3.387000e+01 1.701000e-04
6.730000e-09 3.382000e+01 1.692000e-04
6.740000e-09 3.377000e+01 1.684000e-04
6.750000e-09 3.372000e+01 1.675000e-04
6.760000e-09 3.367000e+01 1.666000e-04
6.770000e-09 3.362000e+01 1.658000e-04
6.780000e-09 3.357000e+01 1.649000e-04
6.790000e-09 3.352000e+01 1.641000e-04
6.800000e-09 3.347000e+01 1.633000e-04
6.810000e-09 3.342000e+01 1.624000e-04
6.820000e-09 3.337000e+01 1.616000e-04
6.830000e-09 3.332000e+01 1.608000e-04
6.840000e-09 3.327000e+01 1.600000e-04
6.850000e-09 3.322000e+01 1.592000e-04
6.860000e-09 3.317000e+01 1.584000e-04
6.870000e-09 3.312000e+01 1.576000e-04
6.880000e-09 3.307000e+01 1.568000e-04
6.890000e-09 3.302000e+01 1.560000e-04
6.900000e-09 3.297000e+01 1.552000e-04
6.910000e-09 3.293000e+01 1.544000e-04
6.920000e-09 3.288000e+01 1.536000e-04
6.930000e-09 3.283000e+01 1.529000e-04
6.940000e-09 3.278000e+01 1.521000e-04
6.950000e-09 3.273000e+01 1.513000e-04
6.960000e-09 3.268000e+01 1.506000e-04
6.970000e-09 3.263000e+01 1.498000e-04
6.980000e-09 3.258000e+01 1.491000e-04
6.990000e-09 3.254000e+01 1.483000e-04
7.000000e-09 3.249000e+01 1.476000e-04
