time te rho
2.010000e-09 1.777000e+00 3.634000e-03
2.020000e-09 1.793000e+00 3.584000e-03
2.030000e-09 1.810000e+00 3.535000e-03
2.040000e-09 1.827000e+00 3.487000e-03
2.050000e-09 1.843000e+00 3.441000e-03
2.060000e-09 1.860000e+00 3.397000e-03
2.070000e-09 1.876000e+00 3.354000e-03
2.080000e-09 1.892000e+00 3.312000e-03
2.090000e-09 1.908000e+00 3.272000e-03
2.100000e-09 1.925000e+00 3.233000e-03
2.110000e-09 1.941000e+00 3.196000e-03
2.120000e-09 1.957000e+00 3.160000e-03
2.130000e-09 1.973000e+00 3.124000e-03
2.140000e-09 1.989000e+00 3.090000e-03
2.150000e-09 2.005000e+00 3.057000e-03
2.160000e-09 2.021000e+00 3.025000e-03
2.170000e-09 2.037000e+00 2.994000e-03
2.180000e-09 2.054000e+00 2.964000e-03
2.190000e-09 2.070000e+00 2.934000e-03
2.200000e-09 2.087000e+00 2.905000e-03
2.210000e-09 2.103000e+00 2.877000e-03
2.220000e-09 2.120000e+00 2.850000e-03
2.230000e-09 2.137000e+00 2.823000e-03
2.240000e-09 2.153000e+00 2.797000e-03
2.250000e-09 2.170000e+00 2.772000e-03
2.260000e-09 2.188000e+00 2.746000e-03
2.270000e-09 2.205000e+00 2.722000e-03
2.280000e-09 2.222000e+00 2.698000e-03
2.290000e-09 2.240000e+00 2.674000e-03
2.300000e-09 2.257000e+00 2.651000e-03
2.310000e-09 2.275000e+00 2.628000e-03
2.320000e-09 2.293000e+00 2.606000e-03
2.330000e-09 2.311000e+00 2.584000e-03
2.340000e-09 2.329000e+00 2.562000e-03
2.350000e-09 2.348000e+00 2.541000e-03
2.360000e-09 2.366000e+00 2.520000e-03
2.370000e-09 2.385000e+00 2.500000e-03
2.380000e-09 2.403000e+00 2.480000e-03
2.390000e-09 2.422000e+00 2.460000e-03
2.400000e-09 2.440000e+00 2.440000e-03
2.410000e-09 2.459000e+00 2.421000e-03
2.420000e-09 2.478000e+00 2.402000e-03
2.430000e-09 2.497000e+00 2.383000e-03
2.440000e-09 2.516000e+00 2.364000e-03
2.450000e-09 2.535000e+00 2.346000e-03
2.460000e-09 2.554000e+00 2.328000e-03
2.470000e-09 2.574000e+00 2.310000e-03
2.480000e-09 2.593000e+00 2.293000e-03
2.490000e-09 2.612000e+00 2.276000e-03
2.500000e-09 2.632000e+00 2.258000e-03
2.510000e-09 2.651000e+00 2.242000e-03
2.520000e-09 2.670000e+00 2.225000e-03
2.530000e-09 2.690000e+00 2.208000e-03
2.540000e-09 2.709000e+00 2.192000e-03
2.550000e-09 2.729000e+00 2.176000e-03
2.560000e-09 2.748000e+00 2.160000e-03
2.570000e-09 2.768000e+00 2.144000e-03
2.580000e-09 2.787000e+00 2.129000e-03
2.590000e-09 2.807000e+00 2.114000e-03
2.600000e-09 2.826000e+00 2.099000e-03
2.610000e-09 2.845000e+00 2.084000e-03
2.620000e-09 2.865000e+00 2.069000e-03
2.630000e-09 2.884000e+00 2.054000e-03
2.640000e-09 2.904000e+00 2.040000e-03
2.650000e-09 2.923000e+00 2.026000e-03
2.660000e-09 2.942000e+00 2.012000e-03
2.670000e-09 2.962000e+00 1.998000e-03
2.680000e-09 2.981000e+00 1.984000e-03
2.690000e-09 3.000000e+00 1.971000e-03
2.700000e-09 3.019000e+00 1.957000e-03
2.710000e-09 3.038000e+00 1.944000e-03
2.720000e-09 3.057000e+00 1.931000e-03
2.730000e-09 3.076000e+00 1.919000e-03
2.740000e-09 3.095000e+00 1.906000e-03
2.750000e-09 3.114000e+00 1.893000e-03
2.760000e-09 3.133000e+00 1.881000e-03
2.770000e-09 3.151000e+00 1.869000e-03
2.780000e-09 3.170000e+00 1.857000e-03
2.790000e-09 3.189000e+00 1.845000e-03
2.800000e-09 3.207000e+00 1.834000e-03
2.810000e-09 3.226000e+00 1.822000e-03
2.820000e-09 3.244000e+00 1.811000e-03
2.830000e-09 3.262000e+00 1.799000e-03
2.840000e-09 3.281000e+00 1.788000e-03
2.850000e-09 3.299000e+00 1.777000e-03
2.860000e-09 3.317000e+00 1.767000e-03
2.870000e-09 3.335000e+00 1.756000e-03
2.880000e-09 3.353000e+00 1.746000e-03
2.890000e-09 3.370000e+00 1.735000e-03
2.900000e-09 3.388000e+00 1.725000e-03
2.910000e-09 3.406000e+00 1.715000e-03
2.920000e-09 3.423000e+00 1.705000e-03
2.930000e-09 3.441000e+00 1.695000e-03
2.940000e-09 3.458000e+00 1.685000e-03
2.950000e-09 3.476000e+00 1.676000e-03
2.960000e-09 3.493000e+00 1.666000e-03
2.970000e-09 3.510000e+00 1.657000e-03
2.980000e-09 3.528000e+00 1.648000e-03
2.990000e-09 3.545000e+00 1.639000e-03
3.000000e-09 3.562000e+00 1.630000e-03
3.010000e-09 3.579000e+00 1.621000e-03
3.020000e-09 3.596000e+00 1.612000e-03
3.030000e-09 3.613000e+00 1.603000e-03
3.040000e-09 3.630000e+00 1.595000e-03
3.050000e-09 3.647000e+00 1.586000e-03
3.060000e-09 3.664000e+00 1.578000e-03
3.070000e-09 3.681000e+00 1.569000e-03
3.080000e-09 3.697000e+00 1.561000e-03
3.090000e-09 3.714000e+00 1.553000e-03
3.100000e-09 3.731000e+00 1.545000e-03
3.110000e-09 3.748000e+00 1.537000e-03
3.120000e-09 3.765000e+00 1.529000e-03
3.130000e-09 3.782000e+00 1.521000e-03
3.140000e-09 3.799000e+00 1.513000e-03
3.150000e-09 3.816000e+00 1.506000e-03
3.160000e-09 3.833000e+00 1.498000e-03
3.170000e-09 3.850000e+00 1.490000e-03
3.180000e-09 3.867000e+00 1.483000e-03
3.190000e-09 3.884000e+00 1.475000e-03
3.200000e-09 3.901000e+00 1.468000e-03
3.210000e-09 3.918000e+00 1.461000e-03
3.220000e-09 3.935000e+00 1.453000e-03
3.230000e-09 3.952000e+00 1.446000e-03
3.240000e-09 3.969000e+00 1.439000e-03
3.250000e-09 3.986000e+00 1.432000e-03
3.260000e-09 4.003000e+00 1.425000e-03
3.270000e-09 4.020000e+00 1.418000e-03
3.280000e-09 4.037000e+00 1.411000e-03
3.290000e-09 4.053000e+00 1.404000e-03
3.300000e-09 4.070000e+00 1.397000e-03
3.310000e-09 4.087000e+00 1.390000e-03
3.320000e-09 4.104000e+00 1.383000e-03
3.330000e-09 4.121000e+00 1.377000e-03
3.340000e-09 4.137000e+00 1.370000e-03
3.350000e-09 4.154000e+00 1.363000e-03
3.360000e-09 4.171000e+00 1.357000e-03
3.370000e-09 4.187000e+00 1.350000e-03
3.380000e-09 4.203000e+00 1.344000e-03
3.390000e-09 4.220000e+00 1.338000e-03
3.400000e-09 4.236000e+00 1.331000e-03
3.410000e-09 4.252000e+00 1.325000e-03
3.420000e-09 4.268000e+00 1.319000e-03
3.430000e-09 4.284000e+00 1.313000e-03
3.440000e-09 4.300000e+00 1.307000e-03
3.450000e-09 4.316000e+00 1.301000e-03
3.460000e-09 4.332000e+00 1.294000e-03
3.470000e-09 4.348000e+00 1.289000e-03
3.480000e-09 4.364000e+00 1.283000e-03
3.490000e-09 4.379000e+00 1.277000e-03
3.500000e-09 4.395000e+00 1.271000e-03
3.510000e-09 4.410000e+00 1.265000e-03
3.520000e-09 4.426000e+00 1.259000e-03
3.530000e-09 4.441000e+00 1.254000e-03
3.540000e-09 4.457000e+00 1.248000e-03
3.550000e-09 4.472000e+00 1.242000e-03
3.560000e-09 4.488000e+00 1.237000e-03
3.570000e-09 4.503000e+00 1.231000e-03
3.580000e-09 4.518000e+00 1.226000e-03
3.590000e-09 4.534000e+00 1.220000e-03
3.600000e-09 4.549000e+00 1.215000e-03
3.610000e-09 4.564000e+00 1.210000e-03
3.620000e-09 4.579000e+00 1.204000e-03
3.630000e-09 4.594000e+00 1.199000e-03
3.640000e-09 4.610000e+00 1.194000e-03
3.650000e-09 4.625000e+00 1.189000e-03
3.660000e-09 4.640000e+00 1.184000e-03
3.670000e-09 4.655000e+00 1.179000e-03
3.680000e-09 4.670000e+00 1.173000e-03
3.690000e-09 4.685000e+00 1.168000e-03
3.700000e-09 4.700000e+00 1.163000e-03
3.710000e-09 4.715000e+00 1.159000e-03
3.720000e-09 4.730000e+00 1.154000e-03
3.730000e-09 4.745000e+00 1.149000e-03
3.740000e-09 4.760000e+00 1.144000e-03
3.750000e-09 4.775000e+00 1.139000e-03
3.760000e-09 4.790000e+00 1.135000e-03
3.770000e-09 4.804000e+00 1.130000e-03
3.780000e-09 4.819000e+00 1.125000e-03
3.790000e-09 4.834000e+00 1.121000e-03
3.800000e-09 4.849000e+00 1.116000e-03
3.810000e-09 4.863000e+00 1.112000e-03
3.820000e-09 4.878000e+00 1.107000e-03
3.830000e-09 4.893000e+00 1.103000e-03
3.840000e-09 4.907000e+00 1.098000e-03
3.850000e-09 4.922000e+00 1.094000e-03
3.860000e-09 4.936000e+00 1.090000e-03
3.870000e-09 4.951000e+00 1.085000e-03
3.880000e-09 4.965000e+00 1.081000e-03
3.890000e-09 4.980000e+00 1.077000e-03
3.900000e-09 4.994000e+00 1.073000e-03
3.910000e-09 5.008000e+00 1.069000e-03
3.920000e-09 5.023000e+00 1.065000e-03
3.930000e-09 5.037000e+00 1.061000e-03
3.940000e-09 5.051000e+00 1.057000e-03
3.950000e-09 5.066000e+00 1.053000e-03
3.960000e-09 5.080000e+00 1.049000e-03
3.970000e-09 5.094000e+00 1.045000e-03
3.980000e-09 5.109000e+00 1.041000e-03
3.990000e-09 5.123000e+00 1.038000e-03
4.000000e-09 5.137000e+00 1.034000e-03
4.010000e-09 5.151000e+00 1.030000e-03
4.020000e-09 5.165000e+00 1.027000e-03
4.030000e-09 5.180000e+00 1.023000e-03
4.040000e-09 5.194000e+00 1.020000e-03
4.050000e-09 5.208000e+00 1.016000e-03
4.060000e-09 5.222000e+00 1.013000e-03
4.070000e-09 5.236000e+00 1.009000e-03
4.080000e-09 5.250000e+00 1.006000e-03
4.090000e-09 5.264000e+00 1.003000e-03
4.100000e-09 5.278000e+00 9.993000e-04
4.110000e-09 5.292000e+00 9.961000e-04
4.120000e-09 5.306000e+00 9.929000e-04
4.130000e-09 5.320000e+00 9.898000e-04
4.140000e-09 5.334000e+00 9.867000e-04
4.150000e-09 5.348000e+00 9.836000e-04
4.160000e-09 5.362000e+00 9.806000e-04
4.170000e-09 5.376000e+00 9.777000e-04
4.180000e-09 5.390000e+00 9.747000e-04
4.190000e-09 5.404000e+00 9.719000e-04
4.200000e-09 5.418000e+00 9.690000e-04
4.210000e-09 5.433000e+00 9.662000e-04
4.220000e-09 5.447000e+00 9.635000e-04
4.230000e-09 5.461000e+00 9.607000e-04
4.240000e-09 5.475000e+00 9.581000e-04
4.250000e-09 5.490000e+00 9.554000e-04
4.260000e-09 5.504000e+00 9.529000e-04
4.270000e-09 5.519000e+00 9.503000e-04
4.280000e-09 5.534000e+00 9.478000e-04
4.290000e-09 5.548000e+00 9.454000e-04
4.300000e-09 5.563000e+00 9.430000e-04
4.310000e-09 5.578000e+00 9.406000e-04
4.320000e-09 5.593000e+00 9.383000e-04
4.330000e-09 5.609000e+00 9.360000e-04
4.340000e-09 5.624000e+00 9.338000e-04
4.350000e-09 5.640000e+00 9.317000e-04
4.360000e-09 5.655000e+00 9.295000e-04
4.370000e-09 5.671000e+00 9.275000e-04
4.380000e-09 5.687000e+00 9.254000e-04
4.390000e-09 5.703000e+00 9.235000e-04
4.400000e-09 5.719000e+00 9.215000e-04
4.410000e-09 5.735000e+00 9.196000e-04
4.420000e-09 5.752000e+00 9.178000e-04
4.430000e-09 5.768000e+00 9.160000e-04
4.440000e-09 5.784000e+00 9.143000e-04
4.450000e-09 5.800000e+00 9.126000e-04
4.460000e-09 5.817000e+00 9.109000e-04
4.470000e-09 5.833000e+00 9.093000e-04
4.480000e-09 5.849000e+00 9.078000e-04
4.490000e-09 5.866000e+00 9.062000e-04
4.500000e-09 5.882000e+00 9.048000e-04
4.510000e-09 5.898000e+00 9.033000e-04
4.520000e-09 5.914000e+00 9.019000e-04
4.530000e-09 5.929000e+00 9.006000e-04
4.540000e-09 5.945000e+00 8.993000e-04
4.550000e-09 5.960000e+00 8.980000e-04
4.560000e-09 5.975000e+00 8.968000e-04
4.570000e-09 5.990000e+00 8.956000e-04
4.580000e-09 6.005000e+00 8.944000e-04
4.590000e-09 6.020000e+00 8.933000e-04
4.600000e-09 6.034000e+00 8.922000e-04
4.610000e-09 6.048000e+00 8.911000e-04
4.620000e-09 6.062000e+00 8.901000e-04
4.630000e-09 6.075000e+00 8.891000e-04
4.640000e-09 6.089000e+00 8.881000e-04
4.650000e-09 6.102000e+00 8.871000e-04
4.660000e-09 6.115000e+00 8.862000e-04
4.670000e-09 6.128000e+00 8.853000e-04
4.680000e-09 6.140000e+00 8.844000e-04
4.690000e-09 6.152000e+00 8.836000e-04
4.700000e-09 6.165000e+00 8.827000e-04
4.710000e-09 6.177000e+00 8.819000e-04
4.720000e-09 6.188000e+00 8.811000e-04
4.730000e-09 6.200000e+00 8.803000e-04
4.740000e-09 6.211000e+00 8.795000e-04
4.750000e-09 6.223000e+00 8.787000e-04
4.760000e-09 6.234000e+00 8.779000e-04
4.770000e-09 6.245000e+00 8.772000e-04
4.780000e-09 6.256000e+00 8.764000e-04
4.790000e-09 6.267000e+00 8.756000e-04
4.800000e-09 6.278000e+00 8.748000e-04
4.810000e-09 6.289000e+00 8.739000e-04
4.820000e-09 6.300000e+00 8.731000e-04
4.830000e-09 6.310000e+00 8.723000e-04
4.840000e-09 6.321000e+00 8.714000e-04
4.850000e-09 6.332000e+00 8.705000e-04
4.860000e-09 6.342000e+00 8.696000e-04
4.870000e-09 6.353000e+00 8.686000e-04
4.880000e-09 6.363000e+00 8.676000e-04
4.890000e-09 6.374000e+00 8.666000e-04
4.900000e-09 6.384000e+00 8.655000e-04
4.910000e-09 6.395000e+00 8.644000e-04
4.920000e-09 6.406000e+00 8.633000e-04
4.930000e-09 6.416000e+00 8.621000e-04
4.940000e-09 6.427000e+00 8.609000e-04
4.950000e-09 6.437000e+00 8.596000e-04
4.960000e-09 6.448000e+00 8.583000e-04
4.970000e-09 6.458000e+00 8.570000e-04
4.980000e-09 6.469000e+00 8.556000e-04
4.990000e-09 6.480000e+00 8.541000e-04
5.000000e-09 6.490000e+00 8.526000e-04
5.010000e-09 6.501000e+00 8.511000e-04
5.020000e-09 6.512000e+00 8.495000e-04
5.030000e-09 6.523000e+00 8.478000e-04
5.040000e-09 6.533000e+00 8.462000e-04
5.050000e-09 6.544000e+00 8.444000e-04
5.060000e-09 6.555000e+00 8.427000e-04
5.070000e-09 6.566000e+00 8.408000e-04
5.080000e-09 6.577000e+00 8.390000e-04
5.090000e-09 6.588000e+00 8.371000e-04
5.100000e-09 6.599000e+00 8.352000e-04
5.110000e-09 6.610000e+00 8.332000e-04
5.120000e-09 6.621000e+00 8.312000e-04
5.130000e-09 6.632000e+00 8.291000e-04
5.140000e-09 6.643000e+00 8.270000e-04
5.150000e-09 6.654000e+00 8.249000e-04
5.160000e-09 6.665000e+00 8.228000e-04
5.170000e-09 6.676000e+00 8.206000e-04
5.180000e-09 6.687000e+00 8.184000e-04
5.190000e-09 6.698000e+00 8.162000e-04
5.200000e-09 6.709000e+00 8.139000e-04
5.210000e-09 6.720000e+00 8.116000e-04
5.220000e-09 6.731000e+00 8.093000e-04
5.230000e-09 6.742000e+00 8.070000e-04
5.240000e-09 6.754000e+00 8.046000e-04
5.250000e-09 6.765000e+00 8.023000e-04
5.260000e-09 6.776000e+00 7.999000e-04
5.270000e-09 6.787000e+00 7.975000e-04
5.280000e-09 6.798000e+00 7.951000e-04
5.290000e-09 6.809000e+00 7.927000e-04
5.300000e-09 6.821000e+00 7.902000e-04
5.310000e-09 6.832000e+00 7.878000e-04
5.320000e-09 6.843000e+00 7.853000e-04
5.330000e-09 6.854000e+00 7.828000e-04
5.340000e-09 6.865000e+00 7.803000e-04
5.350000e-09 6.876000e+00 7.778000e-04
5.360000e-09 6.888000e+00 7.753000e-04
5.370000e-09 6.899000e+00 7.728000e-04
5.380000e-09 6.910000e+00 7.703000e-04
5.390000e-09 6.921000e+00 7.678000e-04
5.400000e-09 6.932000e+00 7.652000e-04
5.410000e-09 6.943000e+00 7.627000e-04
5.420000e-09 6.954000e+00 7.601000e-04
5.430000e-09 6.965000e+00 7.576000e-04
5.440000e-09 6.977000e+00 7.550000e-04
5.450000e-09 6.988000e+00 7.524000e-04
5.460000e-09 6.999000e+00 7.498000e-04
5.470000e-09 7.010000e+00 7.472000e-04
5.480000e-09 7.021000e+00 7.446000e-04
5.490000e-09 7.032000e+00 7.420000e-04
5.500000e-09 7.043000e+00 7.394000e-04
5.510000e-09 7.054000e+00 7.368000e-04
5.520000e-09 7.065000e+00 7.342000e-04
5.530000e-09 7.076000e+00 7.315000e-04
5.540000e-09 7.087000e+00 7.289000e-04
5.550000e-09 7.097000e+00 7.263000e-04
5.560000e-09 7.108000e+00 7.236000e-04
5.570000e-09 7.119000e+00 7.209000e-04
5.580000e-09 7.130000e+00 7.183000e-04
5.590000e-09 7.141000e+00 7.156000e-04
5.600000e-09 7.152000e+00 7.129000e-04
5.610000e-09 7.163000e+00 7.102000e-04
5.620000e-09 7.173000e+00 7.075000e-04
5.630000e-09 7.184000e+00 7.048000e-04
5.640000e-09 7.195000e+00 7.021000e-04
5.650000e-09 7.206000e+00 6.994000e-04
5.660000e-09 7.216000e+00 6.967000e-04
5.670000e-09 7.227000e+00 6.939000e-04
5.680000e-09 7.238000e+00 6.912000e-04
5.690000e-09 7.248000e+00 6.884000e-04
5.700000e-09 7.259000e+00 6.856000e-04
5.710000e-09 7.270000e+00 6.829000e-04
5.720000e-09 7.280000e+00 6.801000e-04
5.730000e-09 7.291000e+00 6.773000e-04
5.740000e-09 7.301000e+00 6.744000e-04
5.750000e-09 7.312000e+00 6.716000e-04
5.760000e-09 7.322000e+00 6.688000e-04
5.770000e-09 7.332000e+00 6.659000e-04
5.780000e-09 7.343000e+00 6.631000e-04
5.790000e-09 7.353000e+00 6.602000e-04
5.800000e-09 7.363000e+00 6.574000e-04
5.810000e-09 7.373000e+00 6.545000e-04
5.820000e-09 7.384000e+00 6.516000e-04
5.830000e-09 7.394000e+00 6.487000e-04
5.840000e-09 7.404000e+00 6.458000e-04
5.850000e-09 7.414000e+00 6.429000e-04
5.860000e-09 7.424000e+00 6.400000e-04
5.870000e-09 7.434000e+00 6.371000e-04
5.880000e-09 7.444000e+00 6.342000e-04
5.890000e-09 7.454000e+00 6.312000e-04
5.900000e-09 7.463000e+00 6.283000e-04
5.910000e-09 7.473000e+00 6.253000e-04
5.920000e-09 7.483000e+00 6.224000e-04
5.930000e-09 7.493000e+00 6.194000e-04
5.940000e-09 7.502000e+00 6.165000e-04
5.950000e-09 7.512000e+00 6.135000e-04
5.960000e-09 7.521000e+00 6.105000e-04
5.970000e-09 7.531000e+00 6.075000e-04
5.980000e-09 7.540000e+00 6.045000e-04
5.990000e-09 7.549000e+00 6.015000e-04
6.000000e-09 7.559000e+00 5.985000e-04
