time te rho
2.010000e-09 8.029000e+00 2.656000e-03
2.020000e-09 8.174000e+00 2.628000e-03
2.030000e-09 8.320000e+00 2.600000e-03
2.040000e-09 8.468000e+00 2.573000e-03
2.050000e-09 8.617000e+00 2.547000e-03
2.060000e-09 8.769000e+00 2.520000e-03
2.070000e-09 8.922000e+00 2.494000e-03
2.080000e-09 9.077000e+00 2.468000e-03
2.090000e-09 9.234000e+00 2.442000e-03
2.100000e-09 9.392000e+00 2.417000e-03
2.110000e-09 9.553000e+00 2.391000e-03
2.120000e-09 9.715000e+00 2.366000e-03
2.130000e-09 9.880000e+00 2.342000e-03
2.140000e-09 1.005000e+01 2.317000e-03
2.150000e-09 1.021000e+01 2.293000e-03
2.160000e-09 1.039000e+01 2.268000e-03
2.170000e-09 1.056000e+01 2.244000e-03
2.180000e-09 1.073000e+01 2.220000e-03
2.190000e-09 1.091000e+01 2.197000e-03
2.200000e-09 1.109000e+01 2.173000e-03
2.210000e-09 1.127000e+01 2.150000e-03
2.220000e-09 1.145000e+01 2.126000e-03
2.230000e-09 1.164000e+01 2.103000e-03
2.240000e-09 1.183000e+01 2.080000e-03
2.250000e-09 1.201000e+01 2.057000e-03
2.260000e-09 1.221000e+01 2.035000e-03
2.270000e-09 1.240000e+01 2.012000e-03
2.280000e-09 1.259000e+01 1.990000e-03
2.290000e-09 1.279000e+01 1.968000e-03
2.300000e-09 1.299000e+01 1.946000e-03
2.310000e-09 1.319000e+01 1.924000e-03
2.320000e-09 1.339000e+01 1.902000e-03
2.330000e-09 1.359000e+01 1.881000e-03
2.340000e-09 1.379000e+01 1.860000e-03
2.350000e-09 1.400000e+01 1.838000e-03
2.360000e-09 1.421000e+01 1.817000e-03
2.370000e-09 1.441000e+01 1.797000e-03
2.380000e-09 1.462000e+01 1.776000e-03
2.390000e-09 1.483000e+01 1.755000e-03
2.400000e-09 1.504000e+01 1.735000e-03
2.410000e-09 1.525000e+01 1.715000e-03
2.420000e-09 1.546000e+01 1.695000e-03
2.430000e-09 1.567000e+01 1.675000e-03
2.440000e-09 1.588000e+01 1.656000e-03
2.450000e-09 1.609000e+01 1.637000e-03
2.460000e-09 1.630000e+01 1.617000e-03
2.470000e-09 1.652000e+01 1.599000e-03
2.480000e-09 1.673000e+01 1.580000e-03
2.490000e-09 1.694000e+01 1.561000e-03
2.500000e-09 1.715000e+01 1.543000e-03
2.510000e-09 1.736000e+01 1.525000e-03
2.520000e-09 1.757000e+01 1.507000e-03
2.530000e-09 1.778000e+01 1.490000e-03
2.540000e-09 1.799000e+01 1.472000e-03
2.550000e-09 1.820000e+01 1.455000e-03
2.560000e-09 1.841000e+01 1.438000e-03
2.570000e-09 1.862000e+01 1.422000e-03
2.580000e-09 1.883000e+01 1.405000e-03
2.590000e-09 1.904000e+01 1.389000e-03
2.600000e-09 1.925000e+01 1.373000e-03
2.610000e-09 1.946000e+01 1.357000e-03
2.620000e-09 1.966000e+01 1.342000e-03
2.630000e-09 1.987000e+01 1.326000e-03
2.640000e-09 2.007000e+01 1.311000e-03
2.650000e-09 2.028000e+01 1.297000e-03
2.660000e-09 2.048000e+01 1.282000e-03
2.670000e-09 2.069000e+01 1.267000e-03
2.680000e-09 2.089000e+01 1.253000e-03
2.690000e-09 2.110000e+01 1.239000e-03
2.700000e-09 2.130000e+01 1.226000e-03
2.710000e-09 2.150000e+01 1.212000e-03
2.720000e-09 2.170000e+01 1.199000e-03
2.730000e-09 2.191000e+01 1.185000e-03
2.740000e-09 2.211000e+01 1.172000e-03
2.750000e-09 2.231000e+01 1.159000e-03
2.760000e-09 2.251000e+01 1.147000e-03
2.770000e-09 2.271000e+01 1.134000e-03
2.780000e-09 2.291000e+01 1.122000e-03
2.790000e-09 2.311000e+01 1.110000e-03
2.800000e-09 2.330000e+01 1.098000e-03
2.810000e-09 2.350000e+01 1.086000e-03
2.820000e-09 2.370000e+01 1.074000e-03
2.830000e-09 2.390000e+01 1.063000e-03
2.840000e-09 2.409000e+01 1.051000e-03
2.850000e-09 2.429000e+01 1.040000e-03
2.860000e-09 2.448000e+01 1.029000e-03
2.870000e-09 2.468000e+01 1.018000e-03
2.880000e-09 2.487000e+01 1.007000e-03
2.890000e-09 2.506000e+01 9.961000e-04
2.900000e-09 2.526000e+01 9.855000e-04
2.910000e-09 2.545000e+01 9.750000e-04
2.920000e-09 2.564000e+01 9.646000e-04
2.930000e-09 2.583000e+01 9.544000e-04
2.940000e-09 2.602000e+01 9.443000e-04
2.950000e-09 2.621000e+01 9.343000e-04
2.960000e-09 2.639000e+01 9.245000e-04
2.970000e-09 2.658000e+01 9.147000e-04
2.980000e-09 2.677000e+01 9.051000e-04
2.990000e-09 2.695000e+01 8.957000e-04
3.000000e-09 2.714000e+01 8.863000e-04
3.010000e-09 2.732000e+01 8.771000e-04
3.020000e-09 2.750000e+01 8.680000e-04
3.030000e-09 2.769000e+01 8.589000e-04
3.040000e-09 2.787000e+01 8.501000e-04
3.050000e-09 2.805000e+01 8.413000e-04
3.060000e-09 2.822000e+01 8.326000e-04
3.070000e-09 2.840000e+01 8.241000e-04
3.080000e-09 2.858000e+01 8.156000e-04
3.090000e-09 2.875000e+01 8.072000e-04
3.100000e-09 2.893000e+01 7.990000e-04
3.110000e-09 2.910000e+01 7.908000e-04
3.120000e-09 2.927000e+01 7.828000e-04
3.130000e-09 2.944000e+01 7.748000e-04
3.140000e-09 2.961000e+01 7.669000e-04
3.150000e-09 2.978000e+01 7.592000e-04
3.160000e-09 2.995000e+01 7.515000e-04
3.170000e-09 3.011000e+01 7.438000e-04
3.180000e-09 3.028000e+01 7.363000e-04
3.190000e-09 3.044000e+01 7.289000e-04
3.200000e-09 3.061000e+01 7.215000e-04
3.210000e-09 3.077000e+01 7.142000e-04
3.220000e-09 3.093000e+01 7.070000e-04
3.230000e-09 3.109000e+01 6.998000e-04
3.240000e-09 3.125000e+01 6.928000e-04
3.250000e-09 3.140000e+01 6.858000e-04
3.260000e-09 3.156000e+01 6.788000e-04
3.270000e-09 3.171000e+01 6.720000e-04
3.280000e-09 3.187000e+01 6.652000e-04
3.290000e-09 3.202000e+01 6.585000e-04
3.300000e-09 3.217000e+01 6.519000e-04
3.310000e-09 3.232000e+01 6.453000e-04
3.320000e-09 3.247000e+01 6.388000e-04
3.330000e-09 3.262000e+01 6.324000e-04
3.340000e-09 3.277000e+01 6.260000e-04
3.350000e-09 3.291000e+01 6.197000e-04
3.360000e-09 3.306000e+01 6.135000e-04
3.370000e-09 3.320000e+01 6.074000e-04
3.380000e-09 3.335000e+01 6.013000e-04
3.390000e-09 3.349000e+01 5.953000e-04
3.400000e-09 3.363000e+01 5.894000e-04
3.410000e-09 3.377000e+01 5.835000e-04
3.420000e-09 3.391000e+01 5.777000e-04
3.430000e-09 3.404000e+01 5.720000e-04
3.440000e-09 3.418000e+01 5.663000e-04
3.450000e-09 3.431000e+01 5.607000e-04
3.460000e-09 3.444000e+01 5.552000e-04
3.470000e-09 3.458000e+01 5.497000e-04
3.480000e-09 3.471000e+01 5.443000e-04
3.490000e-09 3.483000e+01 5.390000e-04
3.500000e-09 3.496000e+01 5.337000e-04
3.510000e-09 3.508000e+01 5.285000e-04
3.520000e-09 3.521000e+01 5.233000e-04
3.530000e-09 3.533000e+01 5.182000e-04
3.540000e-09 3.545000e+01 5.131000e-04
3.550000e-09 3.556000e+01 5.081000e-04
3.560000e-09 3.568000e+01 5.031000e-04
3.570000e-09 3.579000e+01 4.982000e-04
3.580000e-09 3.591000e+01 4.934000e-04
3.590000e-09 3.602000e+01 4.886000e-04
3.600000e-09 3.612000e+01 4.838000e-04
3.610000e-09 3.623000e+01 4.791000e-04
3.620000e-09 3.633000e+01 4.744000e-04
3.630000e-09 3.643000e+01 4.698000e-04
3.640000e-09 3.653000e+01 4.652000e-04
3.650000e-09 3.663000e+01 4.606000e-04
3.660000e-09 3.672000e+01 4.561000e-04
3.670000e-09 3.682000e+01 4.517000e-04
3.680000e-09 3.691000e+01 4.472000e-04
3.690000e-09 3.699000e+01 4.429000e-04
3.700000e-09 3.708000e+01 4.385000e-04
3.710000e-09 3.716000e+01 4.342000e-04
3.720000e-09 3.724000e+01 4.300000e-04
3.730000e-09 3.732000e+01 4.258000e-04
3.740000e-09 3.740000e+01 4.216000e-04
3.750000e-09 3.748000e+01 4.174000e-04
3.760000e-09 3.755000e+01 4.133000e-04
3.770000e-09 3.762000e+01 4.093000e-04
3.780000e-09 3.769000e+01 4.053000e-04
3.790000e-09 3.775000e+01 4.013000e-04
3.800000e-09 3.782000e+01 3.974000e-04
3.810000e-09 3.788000e+01 3.935000e-04
3.820000e-09 3.794000e+01 3.896000e-04
3.830000e-09 3.799000e+01 3.858000e-04
3.840000e-09 3.805000e+01 3.820000e-04
3.850000e-09 3.810000e+01 3.782000e-04
3.860000e-09 3.815000e+01 3.745000e-04
3.870000e-09 3.820000e+01 3.709000e-04
3.880000e-09 3.825000e+01 3.672000e-04
3.890000e-09 3.829000e+01 3.636000e-04
3.900000e-09 3.833000e+01 3.601000e-04
3.910000e-09 3.837000e+01 3.566000e-04
3.920000e-09 3.841000e+01 3.531000e-04
3.930000e-09 3.845000e+01 3.497000e-04
3.940000e-09 3.848000e+01 3.463000e-04
3.950000e-09 3.851000e+01 3.429000e-04
3.960000e-09 3.854000e+01 3.396000e-04
3.970000e-09 3.857000e+01 3.363000e-04
3.980000e-09 3.860000e+01 3.330000e-04
3.990000e-09 3.862000e+01 3.298000e-04
4.000000e-09 3.864000e+01 3.266000e-04
4.010000e-09 3.866000e+01 3.235000e-04
4.020000e-09 3.868000e+01 3.204000e-04
4.030000e-09 3.869000e+01 3.173000e-04
4.040000e-09 3.871000e+01 3.142000e-04
4.050000e-09 3.872000e+01 3.112000e-04
4.060000e-09 3.873000e+01 3.082000e-04
4.070000e-09 3.874000e+01 3.053000e-04
4.080000e-09 3.874000e+01 3.024000e-04
4.090000e-09 3.875000e+01 2.995000e-04
4.100000e-09 3.875000e+01 2.967000e-04
4.110000e-09 3.875000e+01 2.938000e-04
4.120000e-09 3.875000e+01 2.911000e-04
4.130000e-09 3.875000e+01 2.883000e-04
4.140000e-09 3.875000e+01 2.856000e-04
4.150000e-09 3.874000e+01 2.829000e-04
4.160000e-09 3.874000e+01 2.802000e-04
4.170000e-09 3.873000e+01 2.776000e-04
4.180000e-09 3.872000e+01 2.750000e-04
4.190000e-09 3.871000e+01 2.724000e-04
4.200000e-09 3.870000e+01 2.698000e-04
4.210000e-09 3.869000e+01 2.673000e-04
4.220000e-09 3.867000e+01 2.648000e-04
4.230000e-09 3.866000e+01 2.624000e-04
4.240000e-09 3.864000e+01 2.599000e-04
4.250000e-09 3.863000e+01 2.575000e-04
4.260000e-09 3.861000e+01 2.552000e-04
4.270000e-09 3.859000e+01 2.528000e-04
4.280000e-09 3.857000e+01 2.505000e-04
4.290000e-09 3.854000e+01 2.483000e-04
4.300000e-09 3.852000e+01 2.461000e-04
4.310000e-09 3.849000e+01 2.439000e-04
4.320000e-09 3.846000e+01 2.417000e-04
4.330000e-09 3.844000e+01 2.396000e-04
4.340000e-09 3.840000e+01 2.375000e-04
4.350000e-09 3.837000e+01 2.355000e-04
4.360000e-09 3.834000e+01 2.335000e-04
4.370000e-09 3.830000e+01 2.315000e-04
4.380000e-09 3.826000e+01 2.296000e-04
4.390000e-09 3.822000e+01 2.277000e-04
4.400000e-09 3.818000e+01 2.258000e-04
4.410000e-09 3.814000e+01 2.240000e-04
4.420000e-09 3.810000e+01 2.222000e-04
4.430000e-09 3.805000e+01 2.204000e-04
4.440000e-09 3.801000e+01 2.187000e-04
4.450000e-09 3.796000e+01 2.170000e-04
4.460000e-09 3.792000e+01 2.153000e-04
4.470000e-09 3.787000e+01 2.136000e-04
4.480000e-09 3.782000e+01 2.120000e-04
4.490000e-09 3.777000e+01 2.104000e-04
4.500000e-09 3.773000e+01 2.087000e-04
4.510000e-09 3.768000e+01 2.071000e-04
4.520000e-09 3.763000e+01 2.055000e-04
4.530000e-09 3.759000e+01 2.039000e-04
4.540000e-09 3.754000e+01 2.023000e-04
4.550000e-09 3.750000e+01 2.007000e-04
4.560000e-09 3.745000e+01 1.991000e-04
4.570000e-09 3.741000e+01 1.976000e-04
4.580000e-09 3.737000e+01 1.960000e-04
4.590000e-09 3.733000e+01 1.944000e-04
4.600000e-09 3.728000e+01 1.928000e-04
4.610000e-09 3.724000e+01 1.913000e-04
4.620000e-09 3.720000e+01 1.897000e-04
4.630000e-09 3.716000e+01 1.882000e-04
4.640000e-09 3.712000e+01 1.866000e-04
4.650000e-09 3.708000e+01 1.851000e-04
4.660000e-09 3.704000e+01 1.835000e-04
4.670000e-09 3.700000e+01 1.820000e-04
4.680000e-09 3.696000e+01 1.805000e-04
4.690000e-09 3.692000e+01 1.790000e-04
4.700000e-09 3.688000e+01 1.775000e-04
4.710000e-09 3.684000e+01 1.761000e-04
4.720000e-09 3.680000e+01 1.746000e-04
4.730000e-09 3.676000e+01 1.731000e-04
4.740000e-09 3.672000e+01 1.717000e-04
4.750000e-09 3.668000e+01 1.703000e-04
4.760000e-09 3.664000e+01 1.689000e-04
4.770000e-09 3.660000e+01 1.675000e-04
4.780000e-09 3.656000e+01 1.661000e-04
4.790000e-09 3.652000e+01 1.647000e-04
4.800000e-09 3.648000e+01 1.634000e-04
4.810000e-09 3.644000e+01 1.620000e-04
4.820000e-09 3.640000e+01 1.607000e-04
4.830000e-09 3.635000e+01 1.594000e-04
4.840000e-09 3.631000e+01 1.581000e-04
4.850000e-09 3.627000e+01 1.568000e-04
4.860000e-09 3.623000e+01 1.555000e-04
4.870000e-09 3.619000e+01 1.543000e-04
4.880000e-09 3.615000e+01 1.530000e-04
4.890000e-09 3.611000e+01 1.518000e-04
4.900000e-09 3.606000e+01 1.506000e-04
4.910000e-09 3.602000e+01 1.493000e-04
4.920000e-09 3.598000e+01 1.481000e-04
4.930000e-09 3.594000e+01 1.470000e-04
4.940000e-09 3.590000e+01 1.458000e-04
4.950000e-09 3.585000e+01 1.446000e-04
4.960000e-09 3.581000e+01 1.434000e-04
4.970000e-09 3.577000e+01 1.423000e-04
4.980000e-09 3.573000e+01 1.411000e-04
4.990000e-09 3.569000e+01 1.400000e-04
5.000000e-09 3.564000e+01 1.389000e-04
5.010000e-09 3.560000e+01 1.378000e-04
5.020000e-09 3.556000e+01 1.366000e-04
5.030000e-09 3.551000e+01 1.355000e-04
5.040000e-09 3.547000e+01 1.344000e-04
5.050000e-09 3.542000e+01 1.333000e-04
5.060000e-09 3.538000e+01 1.323000e-04
5.070000e-09 3.533000e+01 1.312000e-04
5.080000e-09 3.529000e+01 1.301000e-04
5.090000e-09 3.524000e+01 1.290000e-04
5.100000e-09 3.520000e+01 1.279000e-04
5.110000e-09 3.515000e+01 1.269000e-04
5.120000e-09 3.510000e+01 1.258000e-04
5.130000e-09 3.506000e+01 1.247000e-04
5.140000e-09 3.501000e+01 1.236000e-04
5.150000e-09 3.496000e+01 1.226000e-04
5.160000e-09 3.491000e+01 1.215000e-04
5.170000e-09 3.486000e+01 1.205000e-04
5.180000e-09 3.481000e+01 1.194000e-04
5.190000e-09 3.477000e+01 1.184000e-04
5.200000e-09 3.472000e+01 1.174000e-04
5.210000e-09 3.467000e+01 1.164000e-04
5.220000e-09 3.462000e+01 1.154000e-04
5.230000e-09 3.457000e+01 1.144000e-04
5.240000e-09 3.452000e+01 1.134000e-04
5.250000e-09 3.447000e+01 1.124000e-04
5.260000e-09 3.443000e+01 1.115000e-04
5.270000e-09 3.438000e+01 1.105000e-04
5.280000e-09 3.433000e+01 1.096000e-04
5.290000e-09 3.428000e+01 1.087000e-04
5.300000e-09 3.424000e+01 1.078000e-04
5.310000e-09 3.419000e+01 1.069000e-04
5.320000e-09 3.414000e+01 1.061000e-04
5.330000e-09 3.410000e+01 1.052000e-04
5.340000e-09 3.405000e+01 1.044000e-04
5.350000e-09 3.401000e+01 1.036000e-04
5.360000e-09 3.396000e+01 1.028000e-04
5.370000e-09 3.392000e+01 1.020000e-04
5.380000e-09 3.387000e+01 1.012000e-04
5.390000e-09 3.383000e+01 1.004000e-04
5.400000e-09 3.378000e+01 9.969000e-05
5.410000e-09 3.374000e+01 9.894000e-05
5.420000e-09 3.369000e+01 9.820000e-05
5.430000e-09 3.365000e+01 9.747000e-05
5.440000e-09 3.361000e+01 9.674000e-05
5.450000e-09 3.356000e+01 9.603000e-05
5.460000e-09 3.352000e+01 9.532000e-05
5.470000e-09 3.347000e+01 9.462000e-05
5.480000e-09 3.343000e+01 9.392000e-05
5.490000e-09 3.339000e+01 9.324000e-05
5.500000e-09 3.334000e+01 9.255000e-05
5.510000e-09 3.330000e+01 9.188000e-05
5.520000e-09 3.326000e+01 9.121000e-05
5.530000e-09 3.321000e+01 9.054000e-05
5.540000e-09 3.317000e+01 8.989000e-05
5.550000e-09 3.312000e+01 8.923000e-05
5.560000e-09 3.308000e+01 8.859000e-05
5.570000e-09 3.304000e+01 8.794000e-05
5.580000e-09 3.299000e+01 8.731000e-05
5.590000e-09 3.295000e+01 8.667000e-05
5.600000e-09 3.291000e+01 8.605000e-05
5.610000e-09 3.286000e+01 8.542000e-05
5.620000e-09 3.282000e+01 8.481000e-05
5.630000e-09 3.277000e+01 8.420000e-05
5.640000e-09 3.273000e+01 8.359000e-05
5.650000e-09 3.269000e+01 8.299000e-05
5.660000e-09 3.264000e+01 8.239000e-05
5.670000e-09 3.260000e+01 8.179000e-05
5.680000e-09 3.255000e+01 8.121000e-05
5.690000e-09 3.251000e+01 8.062000e-05
5.700000e-09 3.246000e+01 8.004000e-05
5.710000e-09 3.242000e+01 7.947000e-05
5.720000e-09 3.238000e+01 7.890000e-05
5.730000e-09 3.233000e+01 7.833000e-05
5.740000e-09 3.229000e+01 7.777000e-05
5.750000e-09 3.224000e+01 7.722000e-05
5.760000e-09 3.220000e+01 7.666000e-05
5.770000e-09 3.215000e+01 7.612000e-05
5.780000e-09 3.211000e+01 7.557000e-05
5.790000e-09 3.206000e+01 7.503000e-05
5.800000e-09 3.202000e+01 7.450000e-05
5.810000e-09 3.198000e+01 7.396000e-05
5.820000e-09 3.193000e+01 7.343000e-05
5.830000e-09 3.189000e+01 7.291000e-05
5.840000e-09 3.184000e+01 7.239000e-05
5.850000e-09 3.180000e+01 7.187000e-05
5.860000e-09 3.175000e+01 7.135000e-05
5.870000e-09 3.171000e+01 7.084000e-05
5.880000e-09 3.166000e+01 7.033000e-05
5.890000e-09 3.162000e+01 6.982000e-05
5.900000e-09 3.157000e+01 6.931000e-05
5.910000e-09 3.153000e+01 6.881000e-05
5.920000e-09 3.148000e+01 6.831000e-05
5.930000e-09 3.144000e+01 6.780000e-05
5.940000e-09 3.139000e+01 6.730000e-05
5.950000e-09 3.134000e+01 6.680000e-05
5.960000e-09 3.130000e+01 6.630000e-05
5.970000e-09 3.125000e+01 6.580000e-05
5.980000e-09 3.121000e+01 6.530000e-05
5.990000e-09 3.116000e+01 6.481000e-05
6.000000e-09 3.111000e+01 6.431000e-05
