time te rho
5.010000e-09 4.048000e+01 4.470000e-04
5.020000e-09 4.046000e+01 4.442000e-04
5.030000e-09 4.044000e+01 4.415000e-04
5.040000e-09 4.042000e+01 4.388000e-04
5.050000e-09 4.040000e+01 4.362000e-04
5.060000e-09 4.038000e+01 4.336000e-04
5.070000e-09 4.035000e+01 4.311000e-04
5.080000e-09 4.032000e+01 4.287000e-04
5.090000e-09 4.029000e+01 4.263000e-04
5.100000e-09 4.025000e+01 4.240000e-04
5.110000e-09 4.021000e+01 4.217000e-04
5.120000e-09 4.018000e+01 4.195000e-04
5.130000e-09 4.014000e+01 4.173000e-04
5.140000e-09 4.010000e+01 4.152000e-04
5.150000e-09 4.006000e+01 4.131000e-04
5.160000e-09 4.001000e+01 4.110000e-04
5.170000e-09 3.997000e+01 4.089000e-04
5.180000e-09 3.993000e+01 4.069000e-04
5.190000e-09 3.989000e+01 4.049000e-04
5.200000e-09 3.985000e+01 4.028000e-04
5.210000e-09 3.980000e+01 4.008000e-04
5.220000e-09 3.977000e+01 3.987000e-04
5.230000e-09 3.973000e+01 3.967000e-04
5.240000e-09 3.969000e+01 3.946000e-04
5.250000e-09 3.965000e+01 3.925000e-04
5.260000e-09 3.962000e+01 3.904000e-04
5.270000e-09 3.959000e+01 3.883000e-04
5.280000e-09 3.956000e+01 3.862000e-04
5.290000e-09 3.953000e+01 3.840000e-04
5.300000e-09 3.950000e+01 3.819000e-04
5.310000e-09 3.947000e+01 3.797000e-04
5.320000e-09 3.944000e+01 3.775000e-04
5.330000e-09 3.942000e+01 3.754000e-04
5.340000e-09 3.939000e+01 3.732000e-04
5.350000e-09 3.937000e+01 3.710000e-04
5.360000e-09 3.934000e+01 3.688000e-04
5.370000e-09 3.932000e+01 3.666000e-04
5.380000e-09 3.929000e+01 3.645000e-04
5.390000e-09 3.927000e+01 3.623000e-04
5.400000e-09 3.925000e+01 3.602000e-04
5.410000e-09 3.922000e+01 3.580000e-04
5.420000e-09 3.920000e+01 3.559000e-04
5.430000e-09 3.918000e+01 3.538000e-04
5.440000e-09 3.915000e+01 3.517000e-04
5.450000e-09 3.913000e+01 3.496000e-04
5.460000e-09 3.910000e+01 3.475000e-04
5.470000e-09 3.908000e+01 3.454000e-04
5.480000e-09 3.905000e+01 3.434000e-04
5.490000e-09 3.903000e+01 3.413000e-04
5.500000e-09 3.900000e+01 3.393000e-04
5.510000e-09 3.897000e+01 3.373000e-04
5.520000e-09 3.895000e+01 3.353000e-04
5.530000e-09 3.892000e+01 3.333000e-04
5.540000e-09 3.889000e+01 3.313000e-04
5.550000e-09 3.886000e+01 3.294000e-04
5.560000e-09 3.883000e+01 3.274000e-04
5.570000e-09 3.880000e+01 3.255000e-04
5.580000e-09 3.877000e+01 3.236000e-04
5.590000e-09 3.874000e+01 3.217000e-04
5.600000e-09 3.871000e+01 3.198000e-04
5.610000e-09 3.868000e+01 3.179000e-04
5.620000e-09 3.865000e+01 3.161000e-04
5.630000e-09 3.862000e+01 3.142000e-04
5.640000e-09 3.858000e+01 3.124000e-04
5.650000e-09 3.855000e+01 3.105000e-04
5.660000e-09 3.852000e+01 3.087000e-04
5.670000e-09 3.848000e+01 3.069000e-04
5.680000e-09 3.845000e+01 3.051000e-04
5.690000e-09 3.841000e+01 3.033000e-04
5.700000e-09 3.838000e+01 3.016000e-04
5.710000e-09 3.834000e+01 2.998000e-04
5.720000e-09 3.830000e+01 2.981000e-04
5.730000e-09 3.827000e+01 2.964000e-04
5.740000e-09 3.823000e+01 2.946000e-04
5.750000e-09 3.819000e+01 2.929000e-04
5.760000e-09 3.816000e+01 2.913000e-04
5.770000e-09 3.812000e+01 2.896000e-04
5.780000e-09 3.808000e+01 2.879000e-04
5.790000e-09 3.804000e+01 2.863000e-04
5.800000e-09 3.800000e+01 2.846000e-04
5.810000e-09 3.796000e+01 2.830000e-04
5.820000e-09 3.792000e+01 2.814000e-04
5.830000e-09 3.788000e+01 2.798000e-04
5.840000e-09 3.784000e+01 2.782000e-04
5.850000e-09 3.780000e+01 2.767000e-04
5.860000e-09 3.776000e+01 2.751000e-04
5.870000e-09 3.772000e+01 2.736000e-04
5.880000e-09 3.768000e+01 2.720000e-04
5.890000e-09 3.764000e+01 2.705000e-04
5.900000e-09 3.760000e+01 2.690000e-04
5.910000e-09 3.756000e+01 2.675000e-04
5.920000e-09 3.752000e+01 2.660000e-04
5.930000e-09 3.748000e+01 2.645000e-04
5.940000e-09 3.744000e+01 2.630000e-04
5.950000e-09 3.740000e+01 2.616000e-04
5.960000e-09 3.736000e+01 2.601000e-04
5.970000e-09 3.731000e+01 2.587000e-04
5.980000e-09 3.727000e+01 2.573000e-04
5.990000e-09 3.723000e+01 2.558000e-04
6.000000e-09 3.719000e+01 2.544000e-04
6.010000e-09 3.715000e+01 2.530000e-04
6.020000e-09 3.711000e+01 2.516000e-04
6.030000e-09 3.707000e+01 2.502000e-04
6.040000e-09 3.703000e+01 2.488000e-04
6.050000e-09 3.699000e+01 2.474000e-04
6.060000e-09 3.695000e+01 2.460000e-04
6.070000e-09 3.691000e+01 2.446000e-04
6.080000e-09 3.686000e+01 2.432000e-04
6.090000e-09 3.682000e+01 2.418000e-04
6.100000e-09 3.678000e+01 2.404000e-04
6.110000e-09 3.674000e+01 2.390000e-04
6.120000e-09 3.670000e+01 2.376000e-04
6.130000e-09 3.666000e+01 2.361000e-04
6.140000e-09 3.661000e+01 2.347000e-04
6.150000e-09 3.657000e+01 2.333000e-04
6.160000e-09 3.653000e+01 2.319000e-04
6.170000e-09 3.649000e+01 2.305000e-04
6.180000e-09 3.644000e+01 2.291000e-04
6.190000e-09 3.640000e+01 2.277000e-04
6.200000e-09 3.636000e+01 2.263000e-04
6.210000e-09 3.631000e+01 2.249000e-04
6.220000e-09 3.627000e+01 2.235000e-04
6.230000e-09 3.622000e+01 2.221000e-04
6.240000e-09 3.618000e+01 2.208000e-04
6.250000e-09 3.614000e+01 2.194000e-04
6.260000e-09 3.609000e+01 2.181000e-04
6.270000e-09 3.605000e+01 2.168000e-04
6.280000e-09 3.600000e+01 2.155000e-04
6.290000e-09 3.596000e+01 2.142000e-04
6.300000e-09 3.591000e+01 2.129000e-04
6.310000e-09 3.587000e+01 2.117000e-04
6.320000e-09 3.582000e+01 2.105000e-04
6.330000e-09 3.577000e+01 2.093000e-04
6.340000e-09 3.573000e+01 2.081000e-04
6.350000e-09 3.568000e+01 2.069000e-04
6.360000e-09 3.563000e+01 2.057000e-04
6.370000e-09 3.559000e+01 2.046000e-04
6.380000e-09 3.554000e+01 2.035000e-04
6.390000e-09 3.549000e+01 2.023000e-04
6.400000e-09 3.545000e+01 2.012000e-04
6.410000e-09 3.540000e+01 2.002000e-04
6.420000e-09 3.535000e+01 1.991000e-04
6.430000e-09 3.530000e+01 1.980000e-04
6.440000e-09 3.525000e+01 1.970000e-04
6.450000e-09 3.521000e+01 1.959000e-04
6.460000e-09 3.516000e+01 1.949000e-04
6.470000e-09 3.511000e+01 1.938000e-04
6.480000e-09 3.506000e+01 1.928000e-04
6.490000e-09 3.501000e+01 1.918000e-04
6.500000e-09 3.496000e+01 1.908000e-04
6.510000e-09 3.491000e+01 1.898000e-04
6.520000e-09 3.486000e+01 1.888000e-04
6.530000e-09 3.482000e+01 1.878000e-04
6.540000e-09 3.477000e+01 1.868000e-04
6.550000e-09 3.472000e+01 1.858000e-04
6.560000e-09 3.467000e+01 1.849000e-04
6.570000e-09 3.462000e+01 1.839000e-04
6.580000e-09 3.457000e+01 1.829000e-04
6.590000e-09 3.452000e+01 1.820000e-04
6.600000e-09 3.447000e+01 1.810000e-04
6.610000e-09 3.442000e+01 1.801000e-04
6.620000e-09 3.437000e+01 1.792000e-04
6.630000e-09 3.432000e+01 1.782000e-04
6.640000e-09 3.427000e+01 1.773000e-04
6.650000e-09 3.422000e+01 1.764000e-04
6.660000e-09 3.417000e+01 1.755000e-04
6.670000e-09 3.412000e+01 1.746000e-04
6.680000e-09 3.407000e+01 1.737000e-04
6.690000e-09 3.402000e+01 1.728000e-04
6.700000e-09 3.397000e+01 1.719000e-04
6.710000e-09 3.392000e+01 1.710000e-04
6.720000e-09 3.387000e+01 1.701000e-04
6.730000e-09 3.382000e+01 1.692000e-04
6.740000e-09 3.377000e+01 1.684000e-04
6.750000e-09 3.372000e+01 1.675000e-04
6.760000e-09 3.367000e+01 1.666000e-04
6.770000e-09 3.362000e+01 1.658000e-04
6.780000e-09 3.357000e+01 1.649000e-04
6.790000e-09 3.352000e+01 1.641000e-04
6.800000e-09 3.347000e+01 1.633000e-04
6.810000e-09 3.342000e+01 1.624000e-04
6.820000e-09 3.337000e+01 1.616000e-04
6.830000e-09 3.332000e+01 1.608000e-04
6.840000e-09 3.327000e+01 1.600000e-04
6.850000e-09 3.322000e+01 1.592000e-04
6.860000e-09 3.317000e+01 1.584000e-04
6.870000e-09 3.312000e+01 1.576000e-04
6.880000e-09 3.307000e+01 1.568000e-04
6.890000e-09 3.302000e+01 1.560000e-04
6.900000e-09 3.297000e+01 1.552000e-04
6.910000e-09 3.293000e+01 1.544000e-04
6.920000e-09 3.288000e+01 1.536000e-04
6.930000e-09 3.283000e+01 1.529000e-04
6.940000e-09 3.278000e+01 1.521000e-04
6.950000e-09 3.273000e+01 1.513000e-04
6.960000e-09 3.268000e+01 1.506000e-04
6.970000e-09 3.263000e+01 1.498000e-04
6.980000e-09 3.258000e+01 1.491000e-04
6.990000e-09 3.254000e+01 1.483000e-04
7.000000e-09 3.249000e+01 1.476000e-04
7.010000e-09 3.244000e+01 1.469000e-04
7.020000e-09 3.239000e+01 1.462000e-04
7.030000e-09 3.234000e+01 1.454000e-04
7.040000e-09 3.229000e+01 1.447000e-04
7.050000e-09 3.224000e+01 1.440000e-04
7.060000e-09 3.219000e+01 1.433000e-04
7.070000e-09 3.215000e+01 1.426000e-04
7.080000e-09 3.210000e+01 1.419000e-04
7.090000e-09 3.205000e+01 1.412000e-04
7.100000e-09 3.200000e+01 1.405000e-04
7.110000e-09 3.195000e+01 1.398000e-04
7.120000e-09 3.190000e+01 1.391000e-04
7.130000e-09 3.185000e+01 1.384000e-04
7.140000e-09 3.181000e+01 1.377000e-04
7.150000e-09 3.176000e+01 1.371000e-04
7.160000e-09 3.171000e+01 1.364000e-04
7.170000e-09 3.166000e+01 1.357000e-04
7.180000e-09 3.161000e+01 1.350000e-04
7.190000e-09 3.156000e+01 1.344000e-04
7.200000e-09 3.151000e+01 1.337000e-04
7.210000e-09 3.147000e+01 1.331000e-04
7.220000e-09 3.142000e+01 1.324000e-04
7.230000e-09 3.137000e+01 1.318000e-04
7.240000e-09 3.132000e+01 1.311000e-04
7.250000e-09 3.127000e+01 1.305000e-04
7.260000e-09 3.122000e+01 1.298000e-04
7.270000e-09 3.118000e+01 1.292000e-04
7.280000e-09 3.113000e+01 1.285000e-04
7.290000e-09 3.108000e+01 1.279000e-04
7.300000e-09 3.103000e+01 1.272000e-04
7.310000e-09 3.098000e+01 1.266000e-04
7.320000e-09 3.094000e+01 1.259000e-04
7.330000e-09 3.089000e+01 1.253000e-04
7.340000e-09 3.084000e+01 1.246000e-04
7.350000e-09 3.079000e+01 1.240000e-04
7.360000e-09 3.074000e+01 1.233000e-04
7.370000e-09 3.070000e+01 1.227000e-04
7.380000e-09 3.065000e+01 1.220000e-04
7.390000e-09 3.060000e+01 1.214000e-04
7.400000e-09 3.055000e+01 1.207000e-04
7.410000e-09 3.051000e+01 1.201000e-04
7.420000e-09 3.046000e+01 1.194000e-04
7.430000e-09 3.041000e+01 1.188000e-04
7.440000e-09 3.036000e+01 1.181000e-04
7.450000e-09 3.032000e+01 1.175000e-04
7.460000e-09 3.027000e+01 1.169000e-04
7.470000e-09 3.022000e+01 1.162000e-04
7.480000e-09 3.017000e+01 1.156000e-04
7.490000e-09 3.013000e+01 1.150000e-04
7.500000e-09 3.008000e+01 1.144000e-04
7.510000e-09 3.003000e+01 1.138000e-04
7.520000e-09 2.999000e+01 1.132000e-04
7.530000e-09 2.994000e+01 1.126000e-04
7.540000e-09 2.989000e+01 1.120000e-04
7.550000e-09 2.984000e+01 1.115000e-04
7.560000e-09 2.980000e+01 1.109000e-04
7.570000e-09 2.975000e+01 1.104000e-04
7.580000e-09 2.971000e+01 1.098000e-04
7.590000e-09 2.966000e+01 1.093000e-04
7.600000e-09 2.961000e+01 1.087000e-04
7.610000e-09 2.957000e+01 1.082000e-04
7.620000e-09 2.952000e+01 1.077000e-04
7.630000e-09 2.947000e+01 1.072000e-04
7.640000e-09 2.943000e+01 1.066000e-04
7.650000e-09 2.938000e+01 1.061000e-04
7.660000e-09 2.934000e+01 1.056000e-04
7.670000e-09 2.929000e+01 1.051000e-04
7.680000e-09 2.924000e+01 1.046000e-04
7.690000e-09 2.920000e+01 1.041000e-04
7.700000e-09 2.915000e+01 1.036000e-04
7.710000e-09 2.911000e+01 1.031000e-04
7.720000e-09 2.906000e+01 1.027000e-04
7.730000e-09 2.901000e+01 1.022000e-04
7.740000e-09 2.897000e+01 1.017000e-04
7.750000e-09 2.892000e+01 1.012000e-04
7.760000e-09 2.888000e+01 1.007000e-04
7.770000e-09 2.883000e+01 1.003000e-04
7.780000e-09 2.878000e+01 9.981000e-05
7.790000e-09 2.874000e+01 9.934000e-05
7.800000e-09 2.869000e+01 9.888000e-05
7.810000e-09 2.865000e+01 9.841000e-05
7.820000e-09 2.860000e+01 9.795000e-05
7.830000e-09 2.855000e+01 9.750000e-05
7.840000e-09 2.851000e+01 9.704000e-05
7.850000e-09 2.846000e+01 9.659000e-05
7.860000e-09 2.841000e+01 9.614000e-05
7.870000e-09 2.837000e+01 9.569000e-05
7.880000e-09 2.832000e+01 9.524000e-05
7.890000e-09 2.828000e+01 9.480000e-05
7.900000e-09 2.823000e+01 9.436000e-05
7.910000e-09 2.818000e+01 9.392000e-05
7.920000e-09 2.814000e+01 9.348000e-05
7.930000e-09 2.809000e+01 9.304000e-05
7.940000e-09 2.804000e+01 9.261000e-05
7.950000e-09 2.800000e+01 9.218000e-05
7.960000e-09 2.795000e+01 9.175000e-05
7.970000e-09 2.790000e+01 9.132000e-05
7.980000e-09 2.786000e+01 9.090000e-05
7.990000e-09 2.781000e+01 9.048000e-05
8.000000e-09 2.776000e+01 9.005000e-05
8.010000e-09 2.772000e+01 8.964000e-05
8.020000e-09 2.767000e+01 8.922000e-05
8.030000e-09 2.762000e+01 8.881000e-05
8.040000e-09 2.758000e+01 8.839000e-05
8.050000e-09 2.753000e+01 8.798000e-05
8.060000e-09 2.748000e+01 8.757000e-05
8.070000e-09 2.744000e+01 8.717000e-05
8.080000e-09 2.739000e+01 8.676000e-05
8.090000e-09 2.734000e+01 8.636000e-05
8.100000e-09 2.730000e+01 8.596000e-05
8.110000e-09 2.725000e+01 8.556000e-05
8.120000e-09 2.720000e+01 8.516000e-05
8.130000e-09 2.716000e+01 8.477000e-05
8.140000e-09 2.711000e+01 8.438000e-05
8.150000e-09 2.706000e+01 8.398000e-05
8.160000e-09 2.701000e+01 8.360000e-05
8.170000e-09 2.697000e+01 8.321000e-05
8.180000e-09 2.692000e+01 8.282000e-05
8.190000e-09 2.687000e+01 8.244000e-05
8.200000e-09 2.682000e+01 8.205000e-05
8.210000e-09 2.677000e+01 8.167000e-05
8.220000e-09 2.673000e+01 8.129000e-05
8.230000e-09 2.668000e+01 8.091000e-05
8.240000e-09 2.663000e+01 8.053000e-05
8.250000e-09 2.658000e+01 8.016000e-05
8.260000e-09 2.653000e+01 7.978000e-05
8.270000e-09 2.648000e+01 7.941000e-05
8.280000e-09 2.643000e+01 7.903000e-05
8.290000e-09 2.638000e+01 7.866000e-05
8.300000e-09 2.634000e+01 7.829000e-05
8.310000e-09 2.629000e+01 7.791000e-05
8.320000e-09 2.624000e+01 7.754000e-05
8.330000e-09 2.619000e+01 7.717000e-05
8.340000e-09 2.615000e+01 7.680000e-05
8.350000e-09 2.610000e+01 7.643000e-05
8.360000e-09 2.605000e+01 7.605000e-05
8.370000e-09 2.601000e+01 7.568000e-05
8.380000e-09 2.596000e+01 7.531000e-05
8.390000e-09 2.592000e+01 7.494000e-05
8.400000e-09 2.587000e+01 7.456000e-05
8.410000e-09 2.583000e+01 7.419000e-05
8.420000e-09 2.579000e+01 7.381000e-05
8.430000e-09 2.574000e+01 7.344000e-05
8.440000e-09 2.570000e+01 7.307000e-05
8.450000e-09 2.566000e+01 7.269000e-05
8.460000e-09 2.562000e+01 7.232000e-05
8.470000e-09 2.558000e+01 7.195000e-05
8.480000e-09 2.554000e+01 7.158000e-05
8.490000e-09 2.550000e+01 7.121000e-05
8.500000e-09 2.546000e+01 7.084000e-05
8.510000e-09 2.542000e+01 7.048000e-05
8.520000e-09 2.538000e+01 7.012000e-05
8.530000e-09 2.534000e+01 6.976000e-05
8.540000e-09 2.530000e+01 6.940000e-05
8.550000e-09 2.526000e+01 6.905000e-05
8.560000e-09 2.522000e+01 6.871000e-05
8.570000e-09 2.518000e+01 6.836000e-05
8.580000e-09 2.514000e+01 6.803000e-05
8.590000e-09 2.511000e+01 6.769000e-05
8.600000e-09 2.507000e+01 6.736000e-05
8.610000e-09 2.503000e+01 6.704000e-05
8.620000e-09 2.499000e+01 6.671000e-05
8.630000e-09 2.495000e+01 6.640000e-05
8.640000e-09 2.491000e+01 6.608000e-05
8.650000e-09 2.488000e+01 6.577000e-05
8.660000e-09 2.484000e+01 6.546000e-05
8.670000e-09 2.480000e+01 6.516000e-05
8.680000e-09 2.476000e+01 6.486000e-05
8.690000e-09 2.473000e+01 6.456000e-05
8.700000e-09 2.469000e+01 6.426000e-05
8.710000e-09 2.465000e+01 6.397000e-05
8.720000e-09 2.462000e+01 6.368000e-05
8.730000e-09 2.458000e+01 6.339000e-05
8.740000e-09 2.454000e+01 6.310000e-05
8.750000e-09 2.451000e+01 6.282000e-05
8.760000e-09 2.447000e+01 6.254000e-05
8.770000e-09 2.443000e+01 6.225000e-05
8.780000e-09 2.440000e+01 6.198000e-05
8.790000e-09 2.436000e+01 6.170000e-05
8.800000e-09 2.432000e+01 6.142000e-05
8.810000e-09 2.429000e+01 6.115000e-05
8.820000e-09 2.425000e+01 6.087000e-05
8.830000e-09 2.422000e+01 6.060000e-05
8.840000e-09 2.418000e+01 6.033000e-05
8.850000e-09 2.415000e+01 6.006000e-05
8.860000e-09 2.411000e+01 5.979000e-05
8.870000e-09 2.408000e+01 5.953000e-05
8.880000e-09 2.404000e+01 5.926000e-05
8.890000e-09 2.401000e+01 5.900000e-05
8.900000e-09 2.397000e+01 5.874000e-05
8.910000e-09 2.394000e+01 5.848000e-05
8.920000e-09 2.390000e+01 5.822000e-05
8.930000e-09 2.387000e+01 5.796000e-05
8.940000e-09 2.383000e+01 5.770000e-05
8.950000e-09 2.380000e+01 5.745000e-05
8.960000e-09 2.376000e+01 5.720000e-05
8.970000e-09 2.373000e+01 5.694000e-05
8.980000e-09 2.370000e+01 5.669000e-05
8.990000e-09 2.366000e+01 5.644000e-05
9.000000e-09 2.363000e+01 5.619000e-05
