time te rho
2.010000e-09 4.052000e+00 1.119000e-02
2.020000e-09 4.143000e+00 1.107000e-02
2.030000e-09 4.237000e+00 1.095000e-02
2.040000e-09 4.332000e+00 1.083000e-02
2.050000e-09 4.430000e+00 1.071000e-02
2.060000e-09 4.530000e+00 1.059000e-02
2.070000e-09 4.632000e+00 1.047000e-02
2.080000e-09 4.737000e+00 1.034000e-02
2.090000e-09 4.844000e+00 1.022000e-02
2.100000e-09 4.953000e+00 1.010000e-02
2.110000e-09 5.064000e+00 9.972000e-03
2.120000e-09 5.177000e+00 9.848000e-03
2.130000e-09 5.293000e+00 9.724000e-03
2.140000e-09 5.411000e+00 9.599000e-03
2.150000e-09 5.531000e+00 9.473000e-03
2.160000e-09 5.653000e+00 9.346000e-03
2.170000e-09 5.778000e+00 9.218000e-03
2.180000e-09 5.904000e+00 9.089000e-03
2.190000e-09 6.034000e+00 8.957000e-03
2.200000e-09 6.165000e+00 8.823000e-03
2.210000e-09 6.299000e+00 8.687000e-03
2.220000e-09 6.435000e+00 8.549000e-03
2.230000e-09 6.574000e+00 8.408000e-03
2.240000e-09 6.716000e+00 8.264000e-03
2.250000e-09 6.860000e+00 8.118000e-03
2.260000e-09 7.006000e+00 7.969000e-03
2.270000e-09 7.155000e+00 7.818000e-03
2.280000e-09 7.307000e+00 7.664000e-03
2.290000e-09 7.461000e+00 7.509000e-03
2.300000e-09 7.617000e+00 7.352000e-03
2.310000e-09 7.776000e+00 7.194000e-03
2.320000e-09 7.937000e+00 7.034000e-03
2.330000e-09 8.099000e+00 6.874000e-03
2.340000e-09 8.264000e+00 6.714000e-03
2.350000e-09 8.430000e+00 6.554000e-03
2.360000e-09 8.598000e+00 6.395000e-03
2.370000e-09 8.767000e+00 6.237000e-03
2.380000e-09 8.936000e+00 6.080000e-03
2.390000e-09 9.107000e+00 5.925000e-03
2.400000e-09 9.278000e+00 5.772000e-03
2.410000e-09 9.449000e+00 5.622000e-03
2.420000e-09 9.620000e+00 5.475000e-03
2.430000e-09 9.790000e+00 5.331000e-03
2.440000e-09 9.961000e+00 5.191000e-03
2.450000e-09 1.013000e+01 5.055000e-03
2.460000e-09 1.030000e+01 4.923000e-03
2.470000e-09 1.047000e+01 4.795000e-03
2.480000e-09 1.063000e+01 4.672000e-03
2.490000e-09 1.080000e+01 4.553000e-03
2.500000e-09 1.096000e+01 4.439000e-03
2.510000e-09 1.112000e+01 4.330000e-03
2.520000e-09 1.128000e+01 4.226000e-03
2.530000e-09 1.144000e+01 4.126000e-03
2.540000e-09 1.160000e+01 4.031000e-03
2.550000e-09 1.175000e+01 3.941000e-03
2.560000e-09 1.191000e+01 3.855000e-03
2.570000e-09 1.206000e+01 3.773000e-03
2.580000e-09 1.221000e+01 3.696000e-03
2.590000e-09 1.236000e+01 3.622000e-03
2.600000e-09 1.251000e+01 3.553000e-03
2.610000e-09 1.266000e+01 3.487000e-03
2.620000e-09 1.281000e+01 3.424000e-03
2.630000e-09 1.296000e+01 3.365000e-03
2.640000e-09 1.310000e+01 3.309000e-03
2.650000e-09 1.325000e+01 3.255000e-03
2.660000e-09 1.339000e+01 3.205000e-03
2.670000e-09 1.354000e+01 3.156000e-03
2.680000e-09 1.368000e+01 3.110000e-03
2.690000e-09 1.383000e+01 3.065000e-03
2.700000e-09 1.397000e+01 3.023000e-03
2.710000e-09 1.412000e+01 2.982000e-03
2.720000e-09 1.426000e+01 2.943000e-03
2.730000e-09 1.441000e+01 2.905000e-03
2.740000e-09 1.455000e+01 2.868000e-03
2.750000e-09 1.469000e+01 2.833000e-03
2.760000e-09 1.484000e+01 2.798000e-03
2.770000e-09 1.498000e+01 2.764000e-03
2.780000e-09 1.513000e+01 2.732000e-03
2.790000e-09 1.527000e+01 2.699000e-03
2.800000e-09 1.542000e+01 2.668000e-03
2.810000e-09 1.556000e+01 2.637000e-03
2.820000e-09 1.570000e+01 2.607000e-03
2.830000e-09 1.585000e+01 2.578000e-03
2.840000e-09 1.599000e+01 2.549000e-03
2.850000e-09 1.613000e+01 2.520000e-03
2.860000e-09 1.628000e+01 2.492000e-03
2.870000e-09 1.642000e+01 2.464000e-03
2.880000e-09 1.656000e+01 2.437000e-03
2.890000e-09 1.670000e+01 2.410000e-03
2.900000e-09 1.684000e+01 2.384000e-03
2.910000e-09 1.699000e+01 2.358000e-03
2.920000e-09 1.713000e+01 2.333000e-03
2.930000e-09 1.727000e+01 2.307000e-03
2.940000e-09 1.741000e+01 2.283000e-03
2.950000e-09 1.755000e+01 2.259000e-03
2.960000e-09 1.768000e+01 2.235000e-03
2.970000e-09 1.782000e+01 2.212000e-03
2.980000e-09 1.796000e+01 2.189000e-03
2.990000e-09 1.810000e+01 2.167000e-03
3.000000e-09 1.823000e+01 2.145000e-03
3.010000e-09 1.837000e+01 2.123000e-03
3.020000e-09 1.851000e+01 2.102000e-03
3.030000e-09 1.864000e+01 2.081000e-03
3.040000e-09 1.878000e+01 2.061000e-03
3.050000e-09 1.891000e+01 2.041000e-03
3.060000e-09 1.905000e+01 2.022000e-03
3.070000e-09 1.918000e+01 2.003000e-03
3.080000e-09 1.932000e+01 1.984000e-03
3.090000e-09 1.945000e+01 1.966000e-03
3.100000e-09 1.959000e+01 1.948000e-03
3.110000e-09 1.972000e+01 1.931000e-03
3.120000e-09 1.986000e+01 1.914000e-03
3.130000e-09 1.999000e+01 1.897000e-03
3.140000e-09 2.013000e+01 1.880000e-03
3.150000e-09 2.026000e+01 1.864000e-03
3.160000e-09 2.040000e+01 1.848000e-03
3.170000e-09 2.053000e+01 1.832000e-03
3.180000e-09 2.067000e+01 1.817000e-03
3.190000e-09 2.081000e+01 1.802000e-03
3.200000e-09 2.094000e+01 1.787000e-03
3.210000e-09 2.108000e+01 1.772000e-03
3.220000e-09 2.122000e+01 1.758000e-03
3.230000e-09 2.136000e+01 1.743000e-03
3.240000e-09 2.150000e+01 1.729000e-03
3.250000e-09 2.164000e+01 1.716000e-03
3.260000e-09 2.178000e+01 1.702000e-03
3.270000e-09 2.192000e+01 1.688000e-03
3.280000e-09 2.206000e+01 1.675000e-03
3.290000e-09 2.220000e+01 1.662000e-03
3.300000e-09 2.234000e+01 1.649000e-03
3.310000e-09 2.248000e+01 1.636000e-03
3.320000e-09 2.263000e+01 1.623000e-03
3.330000e-09 2.277000e+01 1.610000e-03
3.340000e-09 2.291000e+01 1.598000e-03
3.350000e-09 2.306000e+01 1.585000e-03
3.360000e-09 2.320000e+01 1.573000e-03
3.370000e-09 2.335000e+01 1.561000e-03
3.380000e-09 2.349000e+01 1.549000e-03
3.390000e-09 2.364000e+01 1.537000e-03
3.400000e-09 2.379000e+01 1.525000e-03
3.410000e-09 2.393000e+01 1.513000e-03
3.420000e-09 2.408000e+01 1.501000e-03
3.430000e-09 2.423000e+01 1.489000e-03
3.440000e-09 2.437000e+01 1.478000e-03
3.450000e-09 2.452000e+01 1.466000e-03
3.460000e-09 2.467000e+01 1.455000e-03
3.470000e-09 2.482000e+01 1.443000e-03
3.480000e-09 2.497000e+01 1.432000e-03
3.490000e-09 2.511000e+01 1.421000e-03
3.500000e-09 2.526000e+01 1.410000e-03
3.510000e-09 2.541000e+01 1.399000e-03
3.520000e-09 2.556000e+01 1.388000e-03
3.530000e-09 2.571000e+01 1.377000e-03
3.540000e-09 2.586000e+01 1.366000e-03
3.550000e-09 2.601000e+01 1.355000e-03
3.560000e-09 2.616000e+01 1.345000e-03
3.570000e-09 2.631000e+01 1.335000e-03
3.580000e-09 2.646000e+01 1.324000e-03
3.590000e-09 2.661000e+01 1.314000e-03
3.600000e-09 2.676000e+01 1.304000e-03
3.610000e-09 2.691000e+01 1.294000e-03
3.620000e-09 2.706000e+01 1.284000e-03
3.630000e-09 2.721000e+01 1.274000e-03
3.640000e-09 2.736000e+01 1.264000e-03
3.650000e-09 2.751000e+01 1.255000e-03
3.660000e-09 2.766000e+01 1.245000e-03
3.670000e-09 2.781000e+01 1.235000e-03
3.680000e-09 2.796000e+01 1.226000e-03
3.690000e-09 2.812000e+01 1.217000e-03
3.700000e-09 2.827000e+01 1.207000e-03
3.710000e-09 2.842000e+01 1.198000e-03
3.720000e-09 2.857000e+01 1.189000e-03
3.730000e-09 2.873000e+01 1.180000e-03
3.740000e-09 2.888000e+01 1.171000e-03
3.750000e-09 2.903000e+01 1.162000e-03
3.760000e-09 2.918000e+01 1.153000e-03
3.770000e-09 2.934000e+01 1.145000e-03
3.780000e-09 2.949000e+01 1.136000e-03
3.790000e-09 2.964000e+01 1.127000e-03
3.800000e-09 2.979000e+01 1.119000e-03
3.810000e-09 2.995000e+01 1.110000e-03
3.820000e-09 3.010000e+01 1.102000e-03
3.830000e-09 3.025000e+01 1.093000e-03
3.840000e-09 3.040000e+01 1.085000e-03
3.850000e-09 3.056000e+01 1.077000e-03
3.860000e-09 3.071000e+01 1.069000e-03
3.870000e-09 3.086000e+01 1.061000e-03
3.880000e-09 3.101000e+01 1.053000e-03
3.890000e-09 3.116000e+01 1.045000e-03
3.900000e-09 3.131000e+01 1.037000e-03
3.910000e-09 3.147000e+01 1.029000e-03
3.920000e-09 3.162000e+01 1.021000e-03
3.930000e-09 3.177000e+01 1.014000e-03
3.940000e-09 3.192000e+01 1.006000e-03
3.950000e-09 3.207000e+01 9.985000e-04
3.960000e-09 3.222000e+01 9.911000e-04
3.970000e-09 3.237000e+01 9.837000e-04
3.980000e-09 3.252000e+01 9.764000e-04
3.990000e-09 3.267000e+01 9.692000e-04
4.000000e-09 3.282000e+01 9.621000e-04
4.010000e-09 3.297000e+01 9.550000e-04
4.020000e-09 3.312000e+01 9.480000e-04
4.030000e-09 3.327000e+01 9.411000e-04
4.040000e-09 3.341000e+01 9.342000e-04
4.050000e-09 3.356000e+01 9.274000e-04
4.060000e-09 3.371000e+01 9.207000e-04
4.070000e-09 3.385000e+01 9.140000e-04
4.080000e-09 3.400000e+01 9.073000e-04
4.090000e-09 3.415000e+01 9.007000e-04
4.100000e-09 3.429000e+01 8.942000e-04
4.110000e-09 3.444000e+01 8.877000e-04
4.120000e-09 3.458000e+01 8.812000e-04
4.130000e-09 3.472000e+01 8.748000e-04
4.140000e-09 3.486000e+01 8.684000e-04
4.150000e-09 3.500000e+01 8.621000e-04
4.160000e-09 3.514000e+01 8.558000e-04
4.170000e-09 3.528000e+01 8.495000e-04
4.180000e-09 3.542000e+01 8.432000e-04
4.190000e-09 3.556000e+01 8.370000e-04
4.200000e-09 3.569000e+01 8.307000e-04
4.210000e-09 3.582000e+01 8.246000e-04
4.220000e-09 3.596000e+01 8.184000e-04
4.230000e-09 3.609000e+01 8.123000e-04
4.240000e-09 3.622000e+01 8.061000e-04
4.250000e-09 3.634000e+01 8.000000e-04
4.260000e-09 3.647000e+01 7.940000e-04
4.270000e-09 3.660000e+01 7.879000e-04
4.280000e-09 3.672000e+01 7.819000e-04
4.290000e-09 3.684000e+01 7.759000e-04
4.300000e-09 3.696000e+01 7.699000e-04
4.310000e-09 3.708000e+01 7.640000e-04
4.320000e-09 3.719000e+01 7.581000e-04
4.330000e-09 3.731000e+01 7.522000e-04
4.340000e-09 3.742000e+01 7.463000e-04
4.350000e-09 3.753000e+01 7.405000e-04
4.360000e-09 3.764000e+01 7.347000e-04
4.370000e-09 3.775000e+01 7.289000e-04
4.380000e-09 3.785000e+01 7.231000e-04
4.390000e-09 3.795000e+01 7.174000e-04
4.400000e-09 3.805000e+01 7.118000e-04
4.410000e-09 3.815000e+01 7.061000e-04
4.420000e-09 3.825000e+01 7.005000e-04
4.430000e-09 3.834000e+01 6.950000e-04
4.440000e-09 3.844000e+01 6.894000e-04
4.450000e-09 3.853000e+01 6.839000e-04
4.460000e-09 3.861000e+01 6.785000e-04
4.470000e-09 3.870000e+01 6.731000e-04
4.480000e-09 3.878000e+01 6.677000e-04
4.490000e-09 3.887000e+01 6.624000e-04
4.500000e-09 3.894000e+01 6.571000e-04
4.510000e-09 3.902000e+01 6.519000e-04
4.520000e-09 3.910000e+01 6.467000e-04
4.530000e-09 3.917000e+01 6.415000e-04
4.540000e-09 3.924000e+01 6.364000e-04
4.550000e-09 3.931000e+01 6.313000e-04
4.560000e-09 3.938000e+01 6.263000e-04
4.570000e-09 3.944000e+01 6.213000e-04
4.580000e-09 3.951000e+01 6.163000e-04
4.590000e-09 3.957000e+01 6.114000e-04
4.600000e-09 3.962000e+01 6.066000e-04
4.610000e-09 3.968000e+01 6.018000e-04
4.620000e-09 3.974000e+01 5.970000e-04
4.630000e-09 3.979000e+01 5.923000e-04
4.640000e-09 3.984000e+01 5.876000e-04
4.650000e-09 3.989000e+01 5.829000e-04
4.660000e-09 3.993000e+01 5.783000e-04
4.670000e-09 3.998000e+01 5.738000e-04
4.680000e-09 4.002000e+01 5.693000e-04
4.690000e-09 4.006000e+01 5.648000e-04
4.700000e-09 4.010000e+01 5.604000e-04
4.710000e-09 4.014000e+01 5.560000e-04
4.720000e-09 4.017000e+01 5.517000e-04
4.730000e-09 4.021000e+01 5.474000e-04
4.740000e-09 4.024000e+01 5.432000e-04
4.750000e-09 4.027000e+01 5.390000e-04
4.760000e-09 4.030000e+01 5.349000e-04
4.770000e-09 4.032000e+01 5.308000e-04
4.780000e-09 4.035000e+01 5.267000e-04
4.790000e-09 4.037000e+01 5.227000e-04
4.800000e-09 4.039000e+01 5.188000e-04
4.810000e-09 4.041000e+01 5.149000e-04
4.820000e-09 4.043000e+01 5.110000e-04
4.830000e-09 4.045000e+01 5.072000e-04
4.840000e-09 4.046000e+01 5.034000e-04
4.850000e-09 4.047000e+01 4.997000e-04
4.860000e-09 4.049000e+01 4.960000e-04
4.870000e-09 4.050000e+01 4.924000e-04
4.880000e-09 4.051000e+01 4.888000e-04
4.890000e-09 4.051000e+01 4.853000e-04
4.900000e-09 4.052000e+01 4.818000e-04
4.910000e-09 4.052000e+01 4.784000e-04
4.920000e-09 4.053000e+01 4.750000e-04
4.930000e-09 4.053000e+01 4.717000e-04
4.940000e-09 4.053000e+01 4.684000e-04
4.950000e-09 4.053000e+01 4.652000e-04
4.960000e-09 4.052000e+01 4.620000e-04
4.970000e-09 4.052000e+01 4.589000e-04
4.980000e-09 4.051000e+01 4.558000e-04
4.990000e-09 4.050000e+01 4.529000e-04
5.000000e-09 4.049000e+01 4.499000e-04
5.010000e-09 4.048000e+01 4.470000e-04
5.020000e-09 4.046000e+01 4.442000e-04
5.030000e-09 4.044000e+01 4.415000e-04
5.040000e-09 4.042000e+01 4.388000e-04
5.050000e-09 4.040000e+01 4.362000e-04
5.060000e-09 4.038000e+01 4.336000e-04
5.070000e-09 4.035000e+01 4.311000e-04
5.080000e-09 4.032000e+01 4.287000e-04
5.090000e-09 4.029000e+01 4.263000e-04
5.100000e-09 4.025000e+01 4.240000e-04
5.110000e-09 4.021000e+01 4.217000e-04
5.120000e-09 4.018000e+01 4.195000e-04
5.130000e-09 4.014000e+01 4.173000e-04
5.140000e-09 4.010000e+01 4.152000e-04
5.150000e-09 4.006000e+01 4.131000e-04
5.160000e-09 4.001000e+01 4.110000e-04
5.170000e-09 3.997000e+01 4.089000e-04
5.180000e-09 3.993000e+01 4.069000e-04
5.190000e-09 3.989000e+01 4.049000e-04
5.200000e-09 3.985000e+01 4.028000e-04
5.210000e-09 3.980000e+01 4.008000e-04
5.220000e-09 3.977000e+01 3.987000e-04
5.230000e-09 3.973000e+01 3.967000e-04
5.240000e-09 3.969000e+01 3.946000e-04
5.250000e-09 3.965000e+01 3.925000e-04
5.260000e-09 3.962000e+01 3.904000e-04
5.270000e-09 3.959000e+01 3.883000e-04
5.280000e-09 3.956000e+01 3.862000e-04
5.290000e-09 3.953000e+01 3.840000e-04
5.300000e-09 3.950000e+01 3.819000e-04
5.310000e-09 3.947000e+01 3.797000e-04
5.320000e-09 3.944000e+01 3.775000e-04
5.330000e-09 3.942000e+01 3.754000e-04
5.340000e-09 3.939000e+01 3.732000e-04
5.350000e-09 3.937000e+01 3.710000e-04
5.360000e-09 3.934000e+01 3.688000e-04
5.370000e-09 3.932000e+01 3.666000e-04
5.380000e-09 3.929000e+01 3.645000e-04
5.390000e-09 3.927000e+01 3.623000e-04
5.400000e-09 3.925000e+01 3.602000e-04
5.410000e-09 3.922000e+01 3.580000e-04
5.420000e-09 3.920000e+01 3.559000e-04
5.430000e-09 3.918000e+01 3.538000e-04
5.440000e-09 3.915000e+01 3.517000e-04
5.450000e-09 3.913000e+01 3.496000e-04
5.460000e-09 3.910000e+01 3.475000e-04
5.470000e-09 3.908000e+01 3.454000e-04
5.480000e-09 3.905000e+01 3.434000e-04
5.490000e-09 3.903000e+01 3.413000e-04
5.500000e-09 3.900000e+01 3.393000e-04
5.510000e-09 3.897000e+01 3.373000e-04
5.520000e-09 3.895000e+01 3.353000e-04
5.530000e-09 3.892000e+01 3.333000e-04
5.540000e-09 3.889000e+01 3.313000e-04
5.550000e-09 3.886000e+01 3.294000e-04
5.560000e-09 3.883000e+01 3.274000e-04
5.570000e-09 3.880000e+01 3.255000e-04
5.580000e-09 3.877000e+01 3.236000e-04
5.590000e-09 3.874000e+01 3.217000e-04
5.600000e-09 3.871000e+01 3.198000e-04
5.610000e-09 3.868000e+01 3.179000e-04
5.620000e-09 3.865000e+01 3.161000e-04
5.630000e-09 3.862000e+01 3.142000e-04
5.640000e-09 3.858000e+01 3.124000e-04
5.650000e-09 3.855000e+01 3.105000e-04
5.660000e-09 3.852000e+01 3.087000e-04
5.670000e-09 3.848000e+01 3.069000e-04
5.680000e-09 3.845000e+01 3.051000e-04
5.690000e-09 3.841000e+01 3.033000e-04
5.700000e-09 3.838000e+01 3.016000e-04
5.710000e-09 3.834000e+01 2.998000e-04
5.720000e-09 3.830000e+01 2.981000e-04
5.730000e-09 3.827000e+01 2.964000e-04
5.740000e-09 3.823000e+01 2.946000e-04
5.750000e-09 3.819000e+01 2.929000e-04
5.760000e-09 3.816000e+01 2.913000e-04
5.770000e-09 3.812000e+01 2.896000e-04
5.780000e-09 3.808000e+01 2.879000e-04
5.790000e-09 3.804000e+01 2.863000e-04
5.800000e-09 3.800000e+01 2.846000e-04
5.810000e-09 3.796000e+01 2.830000e-04
5.820000e-09 3.792000e+01 2.814000e-04
5.830000e-09 3.788000e+01 2.798000e-04
5.840000e-09 3.784000e+01 2.782000e-04
5.850000e-09 3.780000e+01 2.767000e-04
5.860000e-09 3.776000e+01 2.751000e-04
5.870000e-09 3.772000e+01 2.736000e-04
5.880000e-09 3.768000e+01 2.720000e-04
5.890000e-09 3.764000e+01 2.705000e-04
5.900000e-09 3.760000e+01 2.690000e-04
5.910000e-09 3.756000e+01 2.675000e-04
5.920000e-09 3.752000e+01 2.660000e-04
5.930000e-09 3.748000e+01 2.645000e-04
5.940000e-09 3.744000e+01 2.630000e-04
5.950000e-09 3.740000e+01 2.616000e-04
5.960000e-09 3.736000e+01 2.601000e-04
5.970000e-09 3.731000e+01 2.587000e-04
5.980000e-09 3.727000e+01 2.573000e-04
5.990000e-09 3.723000e+01 2.558000e-04
6.000000e-09 3.719000e+01 2.544000e-04
