time te rho
5.010000e-09 3.939000e+01 5.927000e-04
5.020000e-09 3.941000e+01 5.884000e-04
5.030000e-09 3.943000e+01 5.841000e-04
5.040000e-09 3.944000e+01 5.800000e-04
5.050000e-09 3.945000e+01 5.759000e-04
5.060000e-09 3.946000e+01 5.720000e-04
5.070000e-09 3.946000e+01 5.681000e-04
5.080000e-09 3.946000e+01 5.644000e-04
5.090000e-09 3.946000e+01 5.607000e-04
5.100000e-09 3.945000e+01 5.571000e-04
5.110000e-09 3.944000e+01 5.536000e-04
5.120000e-09 3.943000e+01 5.502000e-04
5.130000e-09 3.941000e+01 5.468000e-04
5.140000e-09 3.939000e+01 5.435000e-04
5.150000e-09 3.937000e+01 5.403000e-04
5.160000e-09 3.935000e+01 5.371000e-04
5.170000e-09 3.933000e+01 5.339000e-04
5.180000e-09 3.931000e+01 5.308000e-04
5.190000e-09 3.928000e+01 5.277000e-04
5.200000e-09 3.926000e+01 5.246000e-04
5.210000e-09 3.924000e+01 5.215000e-04
5.220000e-09 3.922000e+01 5.184000e-04
5.230000e-09 3.920000e+01 5.154000e-04
5.240000e-09 3.918000e+01 5.123000e-04
5.250000e-09 3.916000e+01 5.092000e-04
5.260000e-09 3.915000e+01 5.061000e-04
5.270000e-09 3.913000e+01 5.030000e-04
5.280000e-09 3.912000e+01 4.999000e-04
5.290000e-09 3.911000e+01 4.967000e-04
5.300000e-09 3.909000e+01 4.936000e-04
5.310000e-09 3.908000e+01 4.905000e-04
5.320000e-09 3.907000e+01 4.874000e-04
5.330000e-09 3.907000e+01 4.842000e-04
5.340000e-09 3.906000e+01 4.811000e-04
5.350000e-09 3.905000e+01 4.780000e-04
5.360000e-09 3.904000e+01 4.749000e-04
5.370000e-09 3.904000e+01 4.719000e-04
5.380000e-09 3.903000e+01 4.688000e-04
5.390000e-09 3.902000e+01 4.658000e-04
5.400000e-09 3.901000e+01 4.628000e-04
5.410000e-09 3.901000e+01 4.598000e-04
5.420000e-09 3.900000e+01 4.569000e-04
5.430000e-09 3.899000e+01 4.539000e-04
5.440000e-09 3.898000e+01 4.510000e-04
5.450000e-09 3.897000e+01 4.482000e-04
5.460000e-09 3.896000e+01 4.453000e-04
5.470000e-09 3.895000e+01 4.425000e-04
5.480000e-09 3.894000e+01 4.397000e-04
5.490000e-09 3.893000e+01 4.369000e-04
5.500000e-09 3.892000e+01 4.342000e-04
5.510000e-09 3.890000e+01 4.315000e-04
5.520000e-09 3.889000e+01 4.288000e-04
5.530000e-09 3.888000e+01 4.261000e-04
5.540000e-09 3.886000e+01 4.235000e-04
5.550000e-09 3.885000e+01 4.209000e-04
5.560000e-09 3.883000e+01 4.183000e-04
5.570000e-09 3.882000e+01 4.158000e-04
5.580000e-09 3.880000e+01 4.133000e-04
5.590000e-09 3.879000e+01 4.107000e-04
5.600000e-09 3.877000e+01 4.083000e-04
5.610000e-09 3.875000e+01 4.058000e-04
5.620000e-09 3.874000e+01 4.034000e-04
5.630000e-09 3.872000e+01 4.009000e-04
5.640000e-09 3.870000e+01 3.986000e-04
5.650000e-09 3.868000e+01 3.962000e-04
5.660000e-09 3.866000e+01 3.938000e-04
5.670000e-09 3.864000e+01 3.915000e-04
5.680000e-09 3.862000e+01 3.892000e-04
5.690000e-09 3.860000e+01 3.869000e-04
5.700000e-09 3.858000e+01 3.846000e-04
5.710000e-09 3.856000e+01 3.824000e-04
5.720000e-09 3.854000e+01 3.802000e-04
5.730000e-09 3.852000e+01 3.779000e-04
5.740000e-09 3.850000e+01 3.758000e-04
5.750000e-09 3.847000e+01 3.736000e-04
5.760000e-09 3.845000e+01 3.714000e-04
5.770000e-09 3.843000e+01 3.693000e-04
5.780000e-09 3.841000e+01 3.672000e-04
5.790000e-09 3.838000e+01 3.651000e-04
5.800000e-09 3.836000e+01 3.630000e-04
5.810000e-09 3.833000e+01 3.609000e-04
5.820000e-09 3.831000e+01 3.588000e-04
5.830000e-09 3.829000e+01 3.568000e-04
5.840000e-09 3.826000e+01 3.548000e-04
5.850000e-09 3.824000e+01 3.527000e-04
5.860000e-09 3.821000e+01 3.507000e-04
5.870000e-09 3.818000e+01 3.488000e-04
5.880000e-09 3.816000e+01 3.468000e-04
5.890000e-09 3.813000e+01 3.448000e-04
5.900000e-09 3.810000e+01 3.429000e-04
5.910000e-09 3.808000e+01 3.410000e-04
5.920000e-09 3.805000e+01 3.390000e-04
5.930000e-09 3.802000e+01 3.371000e-04
5.940000e-09 3.799000e+01 3.352000e-04
5.950000e-09 3.796000e+01 3.334000e-04
5.960000e-09 3.793000e+01 3.315000e-04
5.970000e-09 3.790000e+01 3.296000e-04
5.980000e-09 3.787000e+01 3.278000e-04
5.990000e-09 3.784000e+01 3.260000e-04
6.000000e-09 3.781000e+01 3.241000e-04
6.010000e-09 3.778000e+01 3.223000e-04
6.020000e-09 3.774000e+01 3.205000e-04
6.030000e-09 3.771000e+01 3.187000e-04
6.040000e-09 3.768000e+01 3.170000e-04
6.050000e-09 3.764000e+01 3.152000e-04
6.060000e-09 3.761000e+01 3.134000e-04
6.070000e-09 3.758000e+01 3.117000e-04
6.080000e-09 3.754000e+01 3.100000e-04
6.090000e-09 3.750000e+01 3.082000e-04
6.100000e-09 3.747000e+01 3.065000e-04
6.110000e-09 3.743000e+01 3.048000e-04
6.120000e-09 3.740000e+01 3.032000e-04
6.130000e-09 3.736000e+01 3.015000e-04
6.140000e-09 3.732000e+01 2.998000e-04
6.150000e-09 3.728000e+01 2.981000e-04
6.160000e-09 3.724000e+01 2.965000e-04
6.170000e-09 3.721000e+01 2.949000e-04
6.180000e-09 3.717000e+01 2.932000e-04
6.190000e-09 3.713000e+01 2.916000e-04
6.200000e-09 3.709000e+01 2.900000e-04
6.210000e-09 3.705000e+01 2.884000e-04
6.220000e-09 3.701000e+01 2.868000e-04
6.230000e-09 3.697000e+01 2.853000e-04
6.240000e-09 3.693000e+01 2.837000e-04
6.250000e-09 3.689000e+01 2.822000e-04
6.260000e-09 3.685000e+01 2.806000e-04
6.270000e-09 3.680000e+01 2.791000e-04
6.280000e-09 3.676000e+01 2.776000e-04
6.290000e-09 3.672000e+01 2.761000e-04
6.300000e-09 3.668000e+01 2.746000e-04
6.310000e-09 3.664000e+01 2.731000e-04
6.320000e-09 3.660000e+01 2.716000e-04
6.330000e-09 3.656000e+01 2.702000e-04
6.340000e-09 3.651000e+01 2.687000e-04
6.350000e-09 3.647000e+01 2.673000e-04
6.360000e-09 3.643000e+01 2.658000e-04
6.370000e-09 3.639000e+01 2.644000e-04
6.380000e-09 3.635000e+01 2.630000e-04
6.390000e-09 3.631000e+01 2.616000e-04
6.400000e-09 3.626000e+01 2.602000e-04
6.410000e-09 3.622000e+01 2.588000e-04
6.420000e-09 3.618000e+01 2.575000e-04
6.430000e-09 3.614000e+01 2.561000e-04
6.440000e-09 3.610000e+01 2.548000e-04
6.450000e-09 3.605000e+01 2.534000e-04
6.460000e-09 3.601000e+01 2.521000e-04
6.470000e-09 3.597000e+01 2.508000e-04
6.480000e-09 3.593000e+01 2.495000e-04
6.490000e-09 3.589000e+01 2.482000e-04
6.500000e-09 3.584000e+01 2.469000e-04
6.510000e-09 3.580000e+01 2.456000e-04
6.520000e-09 3.576000e+01 2.443000e-04
6.530000e-09 3.572000e+01 2.430000e-04
6.540000e-09 3.567000e+01 2.417000e-04
6.550000e-09 3.563000e+01 2.405000e-04
6.560000e-09 3.559000e+01 2.392000e-04
6.570000e-09 3.555000e+01 2.380000e-04
6.580000e-09 3.550000e+01 2.367000e-04
6.590000e-09 3.546000e+01 2.355000e-04
6.600000e-09 3.542000e+01 2.342000e-04
6.610000e-09 3.537000e+01 2.330000e-04
6.620000e-09 3.533000e+01 2.317000e-04
6.630000e-09 3.529000e+01 2.304000e-04
6.640000e-09 3.524000e+01 2.292000e-04
6.650000e-09 3.520000e+01 2.279000e-04
6.660000e-09 3.515000e+01 2.267000e-04
6.670000e-09 3.511000e+01 2.254000e-04
6.680000e-09 3.507000e+01 2.241000e-04
6.690000e-09 3.502000e+01 2.229000e-04
6.700000e-09 3.498000e+01 2.216000e-04
6.710000e-09 3.493000e+01 2.203000e-04
6.720000e-09 3.489000e+01 2.191000e-04
6.730000e-09 3.484000e+01 2.178000e-04
6.740000e-09 3.480000e+01 2.165000e-04
6.750000e-09 3.475000e+01 2.153000e-04
6.760000e-09 3.470000e+01 2.140000e-04
6.770000e-09 3.466000e+01 2.127000e-04
6.780000e-09 3.461000e+01 2.115000e-04
6.790000e-09 3.456000e+01 2.103000e-04
6.800000e-09 3.452000e+01 2.090000e-04
6.810000e-09 3.447000e+01 2.078000e-04
6.820000e-09 3.442000e+01 2.066000e-04
6.830000e-09 3.438000e+01 2.054000e-04
6.840000e-09 3.433000e+01 2.042000e-04
6.850000e-09 3.428000e+01 2.031000e-04
6.860000e-09 3.423000e+01 2.019000e-04
6.870000e-09 3.419000e+01 2.008000e-04
6.880000e-09 3.414000e+01 1.997000e-04
6.890000e-09 3.409000e+01 1.986000e-04
6.900000e-09 3.404000e+01 1.975000e-04
6.910000e-09 3.399000e+01 1.965000e-04
6.920000e-09 3.394000e+01 1.954000e-04
6.930000e-09 3.389000e+01 1.944000e-04
6.940000e-09 3.385000e+01 1.934000e-04
6.950000e-09 3.380000e+01 1.923000e-04
6.960000e-09 3.375000e+01 1.913000e-04
6.970000e-09 3.370000e+01 1.904000e-04
6.980000e-09 3.365000e+01 1.894000e-04
6.990000e-09 3.360000e+01 1.884000e-04
7.000000e-09 3.355000e+01 1.874000e-04
7.010000e-09 3.350000e+01 1.865000e-04
7.020000e-09 3.345000e+01 1.855000e-04
7.030000e-09 3.340000e+01 1.846000e-04
7.040000e-09 3.335000e+01 1.836000e-04
7.050000e-09 3.330000e+01 1.827000e-04
7.060000e-09 3.325000e+01 1.818000e-04
7.070000e-09 3.320000e+01 1.809000e-04
7.080000e-09 3.315000e+01 1.800000e-04
7.090000e-09 3.310000e+01 1.791000e-04
7.100000e-09 3.305000e+01 1.782000e-04
7.110000e-09 3.300000e+01 1.773000e-04
7.120000e-09 3.295000e+01 1.764000e-04
7.130000e-09 3.290000e+01 1.755000e-04
7.140000e-09 3.285000e+01 1.746000e-04
7.150000e-09 3.280000e+01 1.737000e-04
7.160000e-09 3.275000e+01 1.729000e-04
7.170000e-09 3.270000e+01 1.720000e-04
7.180000e-09 3.265000e+01 1.711000e-04
7.190000e-09 3.260000e+01 1.703000e-04
7.200000e-09 3.255000e+01 1.694000e-04
7.210000e-09 3.250000e+01 1.686000e-04
7.220000e-09 3.245000e+01 1.678000e-04
7.230000e-09 3.240000e+01 1.669000e-04
7.240000e-09 3.235000e+01 1.661000e-04
7.250000e-09 3.230000e+01 1.653000e-04
7.260000e-09 3.225000e+01 1.644000e-04
7.270000e-09 3.220000e+01 1.636000e-04
7.280000e-09 3.215000e+01 1.628000e-04
7.290000e-09 3.210000e+01 1.620000e-04
7.300000e-09 3.205000e+01 1.612000e-04
7.310000e-09 3.200000e+01 1.604000e-04
7.320000e-09 3.195000e+01 1.596000e-04
7.330000e-09 3.190000e+01 1.588000e-04
7.340000e-09 3.185000e+01 1.581000e-04
7.350000e-09 3.181000e+01 1.573000e-04
7.360000e-09 3.176000e+01 1.565000e-04
7.370000e-09 3.171000e+01 1.558000e-04
7.380000e-09 3.166000e+01 1.550000e-04
7.390000e-09 3.161000e+01 1.542000e-04
7.400000e-09 3.156000e+01 1.535000e-04
7.410000e-09 3.151000e+01 1.527000e-04
7.420000e-09 3.146000e+01 1.520000e-04
7.430000e-09 3.141000e+01 1.512000e-04
7.440000e-09 3.136000e+01 1.505000e-04
7.450000e-09 3.131000e+01 1.498000e-04
7.460000e-09 3.126000e+01 1.491000e-04
7.470000e-09 3.121000e+01 1.483000e-04
7.480000e-09 3.116000e+01 1.476000e-04
7.490000e-09 3.112000e+01 1.469000e-04
7.500000e-09 3.107000e+01 1.462000e-04
7.510000e-09 3.102000e+01 1.455000e-04
7.520000e-09 3.097000e+01 1.448000e-04
7.530000e-09 3.092000e+01 1.441000e-04
7.540000e-09 3.087000e+01 1.434000e-04
7.550000e-09 3.082000e+01 1.427000e-04
7.560000e-09 3.077000e+01 1.420000e-04
7.570000e-09 3.072000e+01 1.414000e-04
7.580000e-09 3.067000e+01 1.407000e-04
7.590000e-09 3.062000e+01 1.400000e-04
7.600000e-09 3.057000e+01 1.393000e-04
7.610000e-09 3.052000e+01 1.387000e-04
7.620000e-09 3.047000e+01 1.380000e-04
7.630000e-09 3.043000e+01 1.374000e-04
7.640000e-09 3.038000e+01 1.367000e-04
7.650000e-09 3.033000e+01 1.361000e-04
7.660000e-09 3.028000e+01 1.354000e-04
7.670000e-09 3.023000e+01 1.348000e-04
7.680000e-09 3.018000e+01 1.341000e-04
7.690000e-09 3.013000e+01 1.335000e-04
7.700000e-09 3.008000e+01 1.329000e-04
7.710000e-09 3.003000e+01 1.322000e-04
7.720000e-09 2.999000e+01 1.316000e-04
7.730000e-09 2.994000e+01 1.310000e-04
7.740000e-09 2.989000e+01 1.304000e-04
7.750000e-09 2.984000e+01 1.298000e-04
7.760000e-09 2.979000e+01 1.291000e-04
7.770000e-09 2.975000e+01 1.285000e-04
7.780000e-09 2.970000e+01 1.279000e-04
7.790000e-09 2.965000e+01 1.273000e-04
7.800000e-09 2.960000e+01 1.267000e-04
7.810000e-09 2.955000e+01 1.261000e-04
7.820000e-09 2.951000e+01 1.255000e-04
7.830000e-09 2.946000e+01 1.249000e-04
7.840000e-09 2.941000e+01 1.243000e-04
7.850000e-09 2.936000e+01 1.237000e-04
7.860000e-09 2.932000e+01 1.231000e-04
7.870000e-09 2.927000e+01 1.225000e-04
7.880000e-09 2.922000e+01 1.219000e-04
7.890000e-09 2.918000e+01 1.213000e-04
7.900000e-09 2.913000e+01 1.207000e-04
7.910000e-09 2.908000e+01 1.201000e-04
7.920000e-09 2.904000e+01 1.195000e-04
7.930000e-09 2.899000e+01 1.189000e-04
7.940000e-09 2.894000e+01 1.183000e-04
7.950000e-09 2.890000e+01 1.177000e-04
7.960000e-09 2.885000e+01 1.171000e-04
7.970000e-09 2.880000e+01 1.165000e-04
7.980000e-09 2.876000e+01 1.159000e-04
7.990000e-09 2.871000e+01 1.153000e-04
8.000000e-09 2.867000e+01 1.147000e-04
8.010000e-09 2.862000e+01 1.141000e-04
8.020000e-09 2.857000e+01 1.135000e-04
8.030000e-09 2.853000e+01 1.129000e-04
8.040000e-09 2.848000e+01 1.123000e-04
8.050000e-09 2.843000e+01 1.117000e-04
8.060000e-09 2.839000e+01 1.112000e-04
8.070000e-09 2.834000e+01 1.106000e-04
8.080000e-09 2.829000e+01 1.100000e-04
8.090000e-09 2.825000e+01 1.095000e-04
8.100000e-09 2.820000e+01 1.089000e-04
8.110000e-09 2.816000e+01 1.084000e-04
8.120000e-09 2.811000e+01 1.078000e-04
8.130000e-09 2.806000e+01 1.073000e-04
8.140000e-09 2.802000e+01 1.068000e-04
8.150000e-09 2.797000e+01 1.063000e-04
8.160000e-09 2.792000e+01 1.058000e-04
8.170000e-09 2.788000e+01 1.053000e-04
8.180000e-09 2.783000e+01 1.048000e-04
8.190000e-09 2.779000e+01 1.043000e-04
8.200000e-09 2.774000e+01 1.038000e-04
8.210000e-09 2.769000e+01 1.033000e-04
8.220000e-09 2.765000e+01 1.028000e-04
8.230000e-09 2.760000e+01 1.023000e-04
8.240000e-09 2.756000e+01 1.018000e-04
8.250000e-09 2.751000e+01 1.014000e-04
8.260000e-09 2.746000e+01 1.009000e-04
8.270000e-09 2.742000e+01 1.004000e-04
8.280000e-09 2.737000e+01 9.998000e-05
8.290000e-09 2.733000e+01 9.952000e-05
8.300000e-09 2.728000e+01 9.906000e-05
8.310000e-09 2.723000e+01 9.861000e-05
8.320000e-09 2.719000e+01 9.816000e-05
8.330000e-09 2.714000e+01 9.771000e-05
8.340000e-09 2.710000e+01 9.726000e-05
8.350000e-09 2.705000e+01 9.682000e-05
8.360000e-09 2.700000e+01 9.638000e-05
8.370000e-09 2.696000e+01 9.594000e-05
8.380000e-09 2.691000e+01 9.550000e-05
8.390000e-09 2.687000e+01 9.507000e-05
8.400000e-09 2.682000e+01 9.463000e-05
8.410000e-09 2.678000e+01 9.420000e-05
8.420000e-09 2.673000e+01 9.377000e-05
8.430000e-09 2.668000e+01 9.335000e-05
8.440000e-09 2.664000e+01 9.292000e-05
8.450000e-09 2.659000e+01 9.250000e-05
8.460000e-09 2.655000e+01 9.208000e-05
8.470000e-09 2.650000e+01 9.166000e-05
8.480000e-09 2.646000e+01 9.125000e-05
8.490000e-09 2.641000e+01 9.083000e-05
8.500000e-09 2.637000e+01 9.042000e-05
8.510000e-09 2.632000e+01 9.001000e-05
8.520000e-09 2.628000e+01 8.960000e-05
8.530000e-09 2.623000e+01 8.920000e-05
8.540000e-09 2.618000e+01 8.879000e-05
8.550000e-09 2.614000e+01 8.839000e-05
8.560000e-09 2.609000e+01 8.799000e-05
8.570000e-09 2.605000e+01 8.760000e-05
8.580000e-09 2.600000e+01 8.720000e-05
8.590000e-09 2.595000e+01 8.681000e-05
8.600000e-09 2.591000e+01 8.642000e-05
8.610000e-09 2.586000e+01 8.603000e-05
8.620000e-09 2.581000e+01 8.564000e-05
8.630000e-09 2.577000e+01 8.526000e-05
8.640000e-09 2.572000e+01 8.487000e-05
8.650000e-09 2.567000e+01 8.449000e-05
8.660000e-09 2.562000e+01 8.412000e-05
8.670000e-09 2.558000e+01 8.374000e-05
8.680000e-09 2.553000e+01 8.337000e-05
8.690000e-09 2.548000e+01 8.299000e-05
8.700000e-09 2.543000e+01 8.262000e-05
8.710000e-09 2.539000e+01 8.226000e-05
8.720000e-09 2.534000e+01 8.189000e-05
8.730000e-09 2.529000e+01 8.153000e-05
8.740000e-09 2.525000e+01 8.116000e-05
8.750000e-09 2.520000e+01 8.080000e-05
8.760000e-09 2.515000e+01 8.045000e-05
8.770000e-09 2.511000e+01 8.009000e-05
8.780000e-09 2.506000e+01 7.974000e-05
8.790000e-09 2.502000e+01 7.939000e-05
8.800000e-09 2.497000e+01 7.904000e-05
8.810000e-09 2.493000e+01 7.869000e-05
8.820000e-09 2.488000e+01 7.834000e-05
8.830000e-09 2.484000e+01 7.799000e-05
8.840000e-09 2.480000e+01 7.765000e-05
8.850000e-09 2.476000e+01 7.731000e-05
8.860000e-09 2.471000e+01 7.697000e-05
8.870000e-09 2.467000e+01 7.663000e-05
8.880000e-09 2.463000e+01 7.629000e-05
8.890000e-09 2.459000e+01 7.595000e-05
8.900000e-09 2.455000e+01 7.562000e-05
8.910000e-09 2.452000e+01 7.528000e-05
8.920000e-09 2.448000e+01 7.495000e-05
8.930000e-09 2.444000e+01 7.461000e-05
8.940000e-09 2.440000e+01 7.428000e-05
8.950000e-09 2.436000e+01 7.395000e-05
8.960000e-09 2.433000e+01 7.361000e-05
8.970000e-09 2.429000e+01 7.328000e-05
8.980000e-09 2.425000e+01 7.294000e-05
8.990000e-09 2.422000e+01 7.261000e-05
9.000000e-09 2.418000e+01 7.228000e-05
