time te rho
5.010000e-09 4.224000e+01 4.251000e-04
5.020000e-09 4.222000e+01 4.225000e-04
5.030000e-09 4.219000e+01 4.200000e-04
5.040000e-09 4.216000e+01 4.175000e-04
5.050000e-09 4.213000e+01 4.151000e-04
5.060000e-09 4.210000e+01 4.128000e-04
5.070000e-09 4.207000e+01 4.104000e-04
5.080000e-09 4.203000e+01 4.082000e-04
5.090000e-09 4.199000e+01 4.060000e-04
5.100000e-09 4.195000e+01 4.038000e-04
5.110000e-09 4.191000e+01 4.016000e-04
5.120000e-09 4.187000e+01 3.995000e-04
5.130000e-09 4.183000e+01 3.975000e-04
5.140000e-09 4.178000e+01 3.954000e-04
5.150000e-09 4.174000e+01 3.934000e-04
5.160000e-09 4.169000e+01 3.914000e-04
5.170000e-09 4.165000e+01 3.895000e-04
5.180000e-09 4.160000e+01 3.875000e-04
5.190000e-09 4.156000e+01 3.855000e-04
5.200000e-09 4.151000e+01 3.836000e-04
5.210000e-09 4.147000e+01 3.816000e-04
5.220000e-09 4.142000e+01 3.796000e-04
5.230000e-09 4.138000e+01 3.777000e-04
5.240000e-09 4.134000e+01 3.757000e-04
5.250000e-09 4.130000e+01 3.737000e-04
5.260000e-09 4.126000e+01 3.717000e-04
5.270000e-09 4.122000e+01 3.697000e-04
5.280000e-09 4.119000e+01 3.677000e-04
5.290000e-09 4.115000e+01 3.657000e-04
5.300000e-09 4.112000e+01 3.636000e-04
5.310000e-09 4.108000e+01 3.616000e-04
5.320000e-09 4.105000e+01 3.595000e-04
5.330000e-09 4.102000e+01 3.575000e-04
5.340000e-09 4.098000e+01 3.554000e-04
5.350000e-09 4.095000e+01 3.534000e-04
5.360000e-09 4.092000e+01 3.514000e-04
5.370000e-09 4.089000e+01 3.493000e-04
5.380000e-09 4.086000e+01 3.473000e-04
5.390000e-09 4.083000e+01 3.453000e-04
5.400000e-09 4.080000e+01 3.433000e-04
5.410000e-09 4.077000e+01 3.413000e-04
5.420000e-09 4.074000e+01 3.393000e-04
5.430000e-09 4.070000e+01 3.373000e-04
5.440000e-09 4.067000e+01 3.353000e-04
5.450000e-09 4.064000e+01 3.334000e-04
5.460000e-09 4.061000e+01 3.315000e-04
5.470000e-09 4.058000e+01 3.295000e-04
5.480000e-09 4.054000e+01 3.276000e-04
5.490000e-09 4.051000e+01 3.257000e-04
5.500000e-09 4.048000e+01 3.238000e-04
5.510000e-09 4.044000e+01 3.219000e-04
5.520000e-09 4.041000e+01 3.201000e-04
5.530000e-09 4.037000e+01 3.182000e-04
5.540000e-09 4.034000e+01 3.164000e-04
5.550000e-09 4.030000e+01 3.146000e-04
5.560000e-09 4.027000e+01 3.128000e-04
5.570000e-09 4.023000e+01 3.110000e-04
5.580000e-09 4.020000e+01 3.092000e-04
5.590000e-09 4.016000e+01 3.074000e-04
5.600000e-09 4.012000e+01 3.056000e-04
5.610000e-09 4.008000e+01 3.039000e-04
5.620000e-09 4.005000e+01 3.022000e-04
5.630000e-09 4.001000e+01 3.004000e-04
5.640000e-09 3.997000e+01 2.987000e-04
5.650000e-09 3.993000e+01 2.970000e-04
5.660000e-09 3.989000e+01 2.953000e-04
5.670000e-09 3.985000e+01 2.937000e-04
5.680000e-09 3.981000e+01 2.920000e-04
5.690000e-09 3.977000e+01 2.903000e-04
5.700000e-09 3.973000e+01 2.887000e-04
5.710000e-09 3.969000e+01 2.870000e-04
5.720000e-09 3.965000e+01 2.854000e-04
5.730000e-09 3.961000e+01 2.838000e-04
5.740000e-09 3.957000e+01 2.822000e-04
5.750000e-09 3.953000e+01 2.806000e-04
5.760000e-09 3.948000e+01 2.790000e-04
5.770000e-09 3.944000e+01 2.775000e-04
5.780000e-09 3.940000e+01 2.759000e-04
5.790000e-09 3.936000e+01 2.743000e-04
5.800000e-09 3.932000e+01 2.728000e-04
5.810000e-09 3.927000e+01 2.713000e-04
5.820000e-09 3.923000e+01 2.698000e-04
5.830000e-09 3.919000e+01 2.682000e-04
5.840000e-09 3.915000e+01 2.667000e-04
5.850000e-09 3.910000e+01 2.652000e-04
5.860000e-09 3.906000e+01 2.638000e-04
5.870000e-09 3.902000e+01 2.623000e-04
5.880000e-09 3.898000e+01 2.608000e-04
5.890000e-09 3.893000e+01 2.593000e-04
5.900000e-09 3.889000e+01 2.579000e-04
5.910000e-09 3.885000e+01 2.564000e-04
5.920000e-09 3.881000e+01 2.550000e-04
5.930000e-09 3.876000e+01 2.535000e-04
5.940000e-09 3.872000e+01 2.521000e-04
5.950000e-09 3.868000e+01 2.507000e-04
5.960000e-09 3.864000e+01 2.492000e-04
5.970000e-09 3.859000e+01 2.478000e-04
5.980000e-09 3.855000e+01 2.464000e-04
5.990000e-09 3.851000e+01 2.449000e-04
6.000000e-09 3.847000e+01 2.435000e-04
6.010000e-09 3.842000e+01 2.420000e-04
6.020000e-09 3.838000e+01 2.406000e-04
6.030000e-09 3.834000e+01 2.392000e-04
6.040000e-09 3.829000e+01 2.377000e-04
6.050000e-09 3.825000e+01 2.363000e-04
6.060000e-09 3.821000e+01 2.348000e-04
6.070000e-09 3.816000e+01 2.334000e-04
6.080000e-09 3.812000e+01 2.319000e-04
6.090000e-09 3.808000e+01 2.305000e-04
6.100000e-09 3.803000e+01 2.291000e-04
6.110000e-09 3.799000e+01 2.276000e-04
6.120000e-09 3.794000e+01 2.262000e-04
6.130000e-09 3.790000e+01 2.248000e-04
6.140000e-09 3.785000e+01 2.234000e-04
6.150000e-09 3.781000e+01 2.220000e-04
6.160000e-09 3.776000e+01 2.206000e-04
6.170000e-09 3.772000e+01 2.193000e-04
6.180000e-09 3.767000e+01 2.179000e-04
6.190000e-09 3.762000e+01 2.166000e-04
6.200000e-09 3.758000e+01 2.153000e-04
6.210000e-09 3.753000e+01 2.140000e-04
6.220000e-09 3.749000e+01 2.128000e-04
6.230000e-09 3.744000e+01 2.115000e-04
6.240000e-09 3.739000e+01 2.103000e-04
6.250000e-09 3.735000e+01 2.090000e-04
6.260000e-09 3.730000e+01 2.078000e-04
6.270000e-09 3.725000e+01 2.067000e-04
6.280000e-09 3.721000e+01 2.055000e-04
6.290000e-09 3.716000e+01 2.043000e-04
6.300000e-09 3.711000e+01 2.032000e-04
6.310000e-09 3.706000e+01 2.021000e-04
6.320000e-09 3.701000e+01 2.010000e-04
6.330000e-09 3.697000e+01 1.998000e-04
6.340000e-09 3.692000e+01 1.988000e-04
6.350000e-09 3.687000e+01 1.977000e-04
6.360000e-09 3.682000e+01 1.966000e-04
6.370000e-09 3.677000e+01 1.955000e-04
6.380000e-09 3.672000e+01 1.945000e-04
6.390000e-09 3.667000e+01 1.934000e-04
6.400000e-09 3.662000e+01 1.924000e-04
6.410000e-09 3.657000e+01 1.913000e-04
6.420000e-09 3.652000e+01 1.903000e-04
6.430000e-09 3.647000e+01 1.893000e-04
6.440000e-09 3.642000e+01 1.883000e-04
6.450000e-09 3.637000e+01 1.873000e-04
6.460000e-09 3.632000e+01 1.863000e-04
6.470000e-09 3.627000e+01 1.853000e-04
6.480000e-09 3.622000e+01 1.843000e-04
6.490000e-09 3.617000e+01 1.833000e-04
6.500000e-09 3.611000e+01 1.823000e-04
6.510000e-09 3.606000e+01 1.813000e-04
6.520000e-09 3.601000e+01 1.804000e-04
6.530000e-09 3.596000e+01 1.794000e-04
6.540000e-09 3.591000e+01 1.784000e-04
6.550000e-09 3.585000e+01 1.775000e-04
6.560000e-09 3.580000e+01 1.765000e-04
6.570000e-09 3.575000e+01 1.756000e-04
6.580000e-09 3.570000e+01 1.747000e-04
6.590000e-09 3.564000e+01 1.738000e-04
6.600000e-09 3.559000e+01 1.728000e-04
6.610000e-09 3.554000e+01 1.719000e-04
6.620000e-09 3.549000e+01 1.710000e-04
6.630000e-09 3.543000e+01 1.701000e-04
6.640000e-09 3.538000e+01 1.692000e-04
6.650000e-09 3.533000e+01 1.683000e-04
6.660000e-09 3.528000e+01 1.674000e-04
6.670000e-09 3.522000e+01 1.666000e-04
6.680000e-09 3.517000e+01 1.657000e-04
6.690000e-09 3.512000e+01 1.648000e-04
6.700000e-09 3.507000e+01 1.640000e-04
6.710000e-09 3.502000e+01 1.631000e-04
6.720000e-09 3.496000e+01 1.623000e-04
6.730000e-09 3.491000e+01 1.614000e-04
6.740000e-09 3.486000e+01 1.606000e-04
6.750000e-09 3.481000e+01 1.597000e-04
6.760000e-09 3.476000e+01 1.589000e-04
6.770000e-09 3.470000e+01 1.581000e-04
6.780000e-09 3.465000e+01 1.573000e-04
6.790000e-09 3.460000e+01 1.565000e-04
6.800000e-09 3.455000e+01 1.556000e-04
6.810000e-09 3.450000e+01 1.548000e-04
6.820000e-09 3.445000e+01 1.540000e-04
6.830000e-09 3.440000e+01 1.533000e-04
6.840000e-09 3.435000e+01 1.525000e-04
6.850000e-09 3.430000e+01 1.517000e-04
6.860000e-09 3.424000e+01 1.509000e-04
6.870000e-09 3.419000e+01 1.501000e-04
6.880000e-09 3.414000e+01 1.494000e-04
6.890000e-09 3.409000e+01 1.486000e-04
6.900000e-09 3.404000e+01 1.478000e-04
6.910000e-09 3.399000e+01 1.471000e-04
6.920000e-09 3.394000e+01 1.463000e-04
6.930000e-09 3.389000e+01 1.456000e-04
6.940000e-09 3.384000e+01 1.449000e-04
6.950000e-09 3.379000e+01 1.441000e-04
6.960000e-09 3.374000e+01 1.434000e-04
6.970000e-09 3.369000e+01 1.427000e-04
6.980000e-09 3.364000e+01 1.419000e-04
6.990000e-09 3.359000e+01 1.412000e-04
7.000000e-09 3.354000e+01 1.405000e-04
7.010000e-09 3.349000e+01 1.398000e-04
7.020000e-09 3.343000e+01 1.391000e-04
7.030000e-09 3.338000e+01 1.384000e-04
7.040000e-09 3.333000e+01 1.377000e-04
7.050000e-09 3.328000e+01 1.370000e-04
7.060000e-09 3.323000e+01 1.363000e-04
7.070000e-09 3.318000e+01 1.356000e-04
7.080000e-09 3.313000e+01 1.349000e-04
7.090000e-09 3.308000e+01 1.342000e-04
7.100000e-09 3.303000e+01 1.336000e-04
7.110000e-09 3.298000e+01 1.329000e-04
7.120000e-09 3.292000e+01 1.322000e-04
7.130000e-09 3.287000e+01 1.315000e-04
7.140000e-09 3.282000e+01 1.308000e-04
7.150000e-09 3.277000e+01 1.302000e-04
7.160000e-09 3.272000e+01 1.295000e-04
7.170000e-09 3.267000e+01 1.288000e-04
7.180000e-09 3.261000e+01 1.282000e-04
7.190000e-09 3.256000e+01 1.275000e-04
7.200000e-09 3.251000e+01 1.268000e-04
7.210000e-09 3.246000e+01 1.261000e-04
7.220000e-09 3.241000e+01 1.255000e-04
7.230000e-09 3.235000e+01 1.248000e-04
7.240000e-09 3.230000e+01 1.241000e-04
7.250000e-09 3.225000e+01 1.234000e-04
7.260000e-09 3.220000e+01 1.228000e-04
7.270000e-09 3.215000e+01 1.221000e-04
7.280000e-09 3.209000e+01 1.214000e-04
7.290000e-09 3.204000e+01 1.207000e-04
7.300000e-09 3.199000e+01 1.201000e-04
7.310000e-09 3.194000e+01 1.194000e-04
7.320000e-09 3.188000e+01 1.187000e-04
7.330000e-09 3.183000e+01 1.181000e-04
7.340000e-09 3.178000e+01 1.174000e-04
7.350000e-09 3.173000e+01 1.168000e-04
7.360000e-09 3.168000e+01 1.161000e-04
7.370000e-09 3.163000e+01 1.155000e-04
7.380000e-09 3.157000e+01 1.149000e-04
7.390000e-09 3.152000e+01 1.143000e-04
7.400000e-09 3.147000e+01 1.137000e-04
7.410000e-09 3.142000e+01 1.131000e-04
7.420000e-09 3.137000e+01 1.125000e-04
7.430000e-09 3.132000e+01 1.119000e-04
7.440000e-09 3.127000e+01 1.113000e-04
7.450000e-09 3.122000e+01 1.107000e-04
7.460000e-09 3.117000e+01 1.102000e-04
7.470000e-09 3.112000e+01 1.096000e-04
7.480000e-09 3.107000e+01 1.091000e-04
7.490000e-09 3.102000e+01 1.085000e-04
7.500000e-09 3.097000e+01 1.080000e-04
7.510000e-09 3.092000e+01 1.074000e-04
7.520000e-09 3.087000e+01 1.069000e-04
7.530000e-09 3.082000e+01 1.064000e-04
7.540000e-09 3.077000e+01 1.059000e-04
7.550000e-09 3.073000e+01 1.054000e-04
7.560000e-09 3.068000e+01 1.048000e-04
7.570000e-09 3.063000e+01 1.043000e-04
7.580000e-09 3.058000e+01 1.038000e-04
7.590000e-09 3.053000e+01 1.033000e-04
7.600000e-09 3.048000e+01 1.028000e-04
7.610000e-09 3.043000e+01 1.023000e-04
7.620000e-09 3.038000e+01 1.018000e-04
7.630000e-09 3.034000e+01 1.013000e-04
7.640000e-09 3.029000e+01 1.009000e-04
7.650000e-09 3.024000e+01 1.004000e-04
7.660000e-09 3.019000e+01 9.990000e-05
7.670000e-09 3.014000e+01 9.942000e-05
7.680000e-09 3.009000e+01 9.894000e-05
7.690000e-09 3.004000e+01 9.846000e-05
7.700000e-09 3.000000e+01 9.799000e-05
7.710000e-09 2.995000e+01 9.752000e-05
7.720000e-09 2.990000e+01 9.706000e-05
7.730000e-09 2.985000e+01 9.659000e-05
7.740000e-09 2.980000e+01 9.613000e-05
7.750000e-09 2.975000e+01 9.567000e-05
7.760000e-09 2.970000e+01 9.521000e-05
7.770000e-09 2.966000e+01 9.475000e-05
7.780000e-09 2.961000e+01 9.430000e-05
7.790000e-09 2.956000e+01 9.385000e-05
7.800000e-09 2.951000e+01 9.340000e-05
7.810000e-09 2.946000e+01 9.295000e-05
7.820000e-09 2.941000e+01 9.251000e-05
7.830000e-09 2.936000e+01 9.207000e-05
7.840000e-09 2.931000e+01 9.163000e-05
7.850000e-09 2.927000e+01 9.119000e-05
7.860000e-09 2.922000e+01 9.075000e-05
7.870000e-09 2.917000e+01 9.032000e-05
7.880000e-09 2.912000e+01 8.989000e-05
7.890000e-09 2.907000e+01 8.946000e-05
7.900000e-09 2.902000e+01 8.903000e-05
7.910000e-09 2.897000e+01 8.861000e-05
7.920000e-09 2.892000e+01 8.819000e-05
7.930000e-09 2.887000e+01 8.777000e-05
7.940000e-09 2.882000e+01 8.735000e-05
7.950000e-09 2.878000e+01 8.693000e-05
7.960000e-09 2.873000e+01 8.652000e-05
7.970000e-09 2.868000e+01 8.611000e-05
7.980000e-09 2.863000e+01 8.570000e-05
7.990000e-09 2.858000e+01 8.529000e-05
8.000000e-09 2.853000e+01 8.489000e-05
8.010000e-09 2.848000e+01 8.449000e-05
8.020000e-09 2.843000e+01 8.408000e-05
8.030000e-09 2.838000e+01 8.369000e-05
8.040000e-09 2.834000e+01 8.329000e-05
8.050000e-09 2.829000e+01 8.289000e-05
8.060000e-09 2.824000e+01 8.250000e-05
8.070000e-09 2.819000e+01 8.211000e-05
8.080000e-09 2.814000e+01 8.171000e-05
8.090000e-09 2.810000e+01 8.133000e-05
8.100000e-09 2.805000e+01 8.094000e-05
8.110000e-09 2.800000e+01 8.055000e-05
8.120000e-09 2.795000e+01 8.016000e-05
8.130000e-09 2.791000e+01 7.978000e-05
8.140000e-09 2.786000e+01 7.939000e-05
8.150000e-09 2.782000e+01 7.900000e-05
8.160000e-09 2.777000e+01 7.862000e-05
8.170000e-09 2.773000e+01 7.823000e-05
8.180000e-09 2.769000e+01 7.784000e-05
8.190000e-09 2.764000e+01 7.745000e-05
8.200000e-09 2.760000e+01 7.706000e-05
8.210000e-09 2.756000e+01 7.666000e-05
8.220000e-09 2.752000e+01 7.627000e-05
8.230000e-09 2.748000e+01 7.587000e-05
8.240000e-09 2.744000e+01 7.547000e-05
8.250000e-09 2.740000e+01 7.507000e-05
8.260000e-09 2.736000e+01 7.466000e-05
8.270000e-09 2.732000e+01 7.426000e-05
8.280000e-09 2.729000e+01 7.385000e-05
8.290000e-09 2.725000e+01 7.345000e-05
8.300000e-09 2.721000e+01 7.304000e-05
8.310000e-09 2.718000e+01 7.263000e-05
8.320000e-09 2.714000e+01 7.222000e-05
8.330000e-09 2.711000e+01 7.182000e-05
8.340000e-09 2.707000e+01 7.142000e-05
8.350000e-09 2.704000e+01 7.102000e-05
8.360000e-09 2.700000e+01 7.062000e-05
8.370000e-09 2.697000e+01 7.023000e-05
8.380000e-09 2.693000e+01 6.985000e-05
8.390000e-09 2.690000e+01 6.947000e-05
8.400000e-09 2.686000e+01 6.909000e-05
8.410000e-09 2.682000e+01 6.872000e-05
8.420000e-09 2.679000e+01 6.836000e-05
8.430000e-09 2.675000e+01 6.800000e-05
8.440000e-09 2.671000e+01 6.765000e-05
8.450000e-09 2.667000e+01 6.731000e-05
8.460000e-09 2.663000e+01 6.697000e-05
8.470000e-09 2.659000e+01 6.664000e-05
8.480000e-09 2.655000e+01 6.631000e-05
8.490000e-09 2.651000e+01 6.599000e-05
8.500000e-09 2.647000e+01 6.567000e-05
8.510000e-09 2.643000e+01 6.536000e-05
8.520000e-09 2.639000e+01 6.505000e-05
8.530000e-09 2.634000e+01 6.475000e-05
8.540000e-09 2.630000e+01 6.445000e-05
8.550000e-09 2.626000e+01 6.415000e-05
8.560000e-09 2.621000e+01 6.386000e-05
8.570000e-09 2.617000e+01 6.357000e-05
8.580000e-09 2.613000e+01 6.328000e-05
8.590000e-09 2.608000e+01 6.299000e-05
8.600000e-09 2.604000e+01 6.271000e-05
8.610000e-09 2.599000e+01 6.242000e-05
8.620000e-09 2.595000e+01 6.215000e-05
8.630000e-09 2.590000e+01 6.187000e-05
8.640000e-09 2.586000e+01 6.159000e-05
8.650000e-09 2.581000e+01 6.132000e-05
8.660000e-09 2.576000e+01 6.105000e-05
8.670000e-09 2.571000e+01 6.078000e-05
8.680000e-09 2.566000e+01 6.051000e-05
8.690000e-09 2.562000e+01 6.024000e-05
8.700000e-09 2.557000e+01 5.998000e-05
8.710000e-09 2.552000e+01 5.972000e-05
8.720000e-09 2.546000e+01 5.946000e-05
8.730000e-09 2.541000e+01 5.920000e-05
8.740000e-09 2.536000e+01 5.894000e-05
8.750000e-09 2.531000e+01 5.869000e-05
8.760000e-09 2.526000e+01 5.843000e-05
8.770000e-09 2.520000e+01 5.818000e-05
8.780000e-09 2.515000e+01 5.793000e-05
8.790000e-09 2.510000e+01 5.768000e-05
8.800000e-09 2.505000e+01 5.743000e-05
8.810000e-09 2.499000e+01 5.718000e-05
8.820000e-09 2.494000e+01 5.694000e-05
8.830000e-09 2.489000e+01 5.669000e-05
8.840000e-09 2.484000e+01 5.645000e-05
8.850000e-09 2.479000e+01 5.620000e-05
8.860000e-09 2.474000e+01 5.596000e-05
8.870000e-09 2.469000e+01 5.571000e-05
8.880000e-09 2.464000e+01 5.547000e-05
8.890000e-09 2.460000e+01 5.523000e-05
8.900000e-09 2.455000e+01 5.498000e-05
8.910000e-09 2.450000e+01 5.474000e-05
8.920000e-09 2.446000e+01 5.450000e-05
8.930000e-09 2.442000e+01 5.426000e-05
8.940000e-09 2.437000e+01 5.402000e-05
8.950000e-09 2.433000e+01 5.378000e-05
8.960000e-09 2.429000e+01 5.354000e-05
8.970000e-09 2.425000e+01 5.330000e-05
8.980000e-09 2.421000e+01 5.306000e-05
8.990000e-09 2.418000e+01 5.283000e-05
9.000000e-09 2.414000e+01 5.259000e-05
