time te rho
4.010000e-09 4.051000e+01 1.635000e-04
4.020000e-09 4.047000e+01 1.617000e-04
4.030000e-09 4.042000e+01 1.599000e-04
4.040000e-09 4.038000e+01 1.582000e-04
4.050000e-09 4.034000e+01 1.565000e-04
4.060000e-09 4.029000e+01 1.548000e-04
4.070000e-09 4.025000e+01 1.531000e-04
4.080000e-09 4.020000e+01 1.514000e-04
4.090000e-09 4.016000e+01 1.498000e-04
4.100000e-09 4.011000e+01 1.482000e-04
4.110000e-09 4.006000e+01 1.465000e-04
4.120000e-09 4.002000e+01 1.450000e-04
4.130000e-09 3.997000e+01 1.434000e-04
4.140000e-09 3.992000e+01 1.418000e-04
4.150000e-09 3.987000e+01 1.403000e-04
4.160000e-09 3.983000e+01 1.387000e-04
4.170000e-09 3.978000e+01 1.372000e-04
4.180000e-09 3.973000e+01 1.357000e-04
4.190000e-09 3.968000e+01 1.342000e-04
4.200000e-09 3.963000e+01 1.328000e-04
4.210000e-09 3.958000e+01 1.313000e-04
4.220000e-09 3.953000e+01 1.298000e-04
4.230000e-09 3.948000e+01 1.284000e-04
4.240000e-09 3.942000e+01 1.269000e-04
4.250000e-09 3.937000e+01 1.255000e-04
4.260000e-09 3.932000e+01 1.241000e-04
4.270000e-09 3.926000e+01 1.226000e-04
4.280000e-09 3.921000e+01 1.212000e-04
4.290000e-09 3.916000e+01 1.198000e-04
4.300000e-09 3.910000e+01 1.184000e-04
4.310000e-09 3.905000e+01 1.171000e-04
4.320000e-09 3.899000e+01 1.157000e-04
4.330000e-09 3.894000e+01 1.143000e-04
4.340000e-09 3.888000e+01 1.130000e-04
4.350000e-09 3.883000e+01 1.117000e-04
4.360000e-09 3.877000e+01 1.104000e-04
4.370000e-09 3.872000e+01 1.091000e-04
4.380000e-09 3.866000e+01 1.078000e-04
4.390000e-09 3.861000e+01 1.066000e-04
4.400000e-09 3.856000e+01 1.054000e-04
4.410000e-09 3.850000e+01 1.042000e-04
4.420000e-09 3.845000e+01 1.030000e-04
4.430000e-09 3.840000e+01 1.018000e-04
4.440000e-09 3.835000e+01 1.007000e-04
4.450000e-09 3.829000e+01 9.960000e-05
4.460000e-09 3.824000e+01 9.851000e-05
4.470000e-09 3.819000e+01 9.745000e-05
4.480000e-09 3.814000e+01 9.640000e-05
4.490000e-09 3.809000e+01 9.538000e-05
4.500000e-09 3.804000e+01 9.437000e-05
4.510000e-09 3.799000e+01 9.338000e-05
4.520000e-09 3.794000e+01 9.241000e-05
4.530000e-09 3.789000e+01 9.145000e-05
4.540000e-09 3.784000e+01 9.051000e-05
4.550000e-09 3.779000e+01 8.958000e-05
4.560000e-09 3.775000e+01 8.867000e-05
4.570000e-09 3.770000e+01 8.777000e-05
4.580000e-09 3.765000e+01 8.688000e-05
4.590000e-09 3.760000e+01 8.601000e-05
4.600000e-09 3.755000e+01 8.514000e-05
4.610000e-09 3.750000e+01 8.429000e-05
4.620000e-09 3.745000e+01 8.345000e-05
4.630000e-09 3.740000e+01 8.261000e-05
4.640000e-09 3.735000e+01 8.179000e-05
4.650000e-09 3.730000e+01 8.098000e-05
4.660000e-09 3.725000e+01 8.017000e-05
4.670000e-09 3.720000e+01 7.938000e-05
4.680000e-09 3.715000e+01 7.860000e-05
4.690000e-09 3.709000e+01 7.782000e-05
4.700000e-09 3.704000e+01 7.705000e-05
4.710000e-09 3.699000e+01 7.629000e-05
4.720000e-09 3.694000e+01 7.554000e-05
4.730000e-09 3.689000e+01 7.480000e-05
4.740000e-09 3.684000e+01 7.406000e-05
4.750000e-09 3.678000e+01 7.334000e-05
4.760000e-09 3.673000e+01 7.262000e-05
4.770000e-09 3.668000e+01 7.191000e-05
4.780000e-09 3.663000e+01 7.120000e-05
4.790000e-09 3.657000e+01 7.051000e-05
4.800000e-09 3.652000e+01 6.982000e-05
4.810000e-09 3.647000e+01 6.913000e-05
4.820000e-09 3.642000e+01 6.846000e-05
4.830000e-09 3.636000e+01 6.779000e-05
4.840000e-09 3.631000e+01 6.713000e-05
4.850000e-09 3.625000e+01 6.647000e-05
4.860000e-09 3.620000e+01 6.582000e-05
4.870000e-09 3.615000e+01 6.517000e-05
4.880000e-09 3.609000e+01 6.453000e-05
4.890000e-09 3.604000e+01 6.389000e-05
4.900000e-09 3.598000e+01 6.326000e-05
4.910000e-09 3.593000e+01 6.263000e-05
4.920000e-09 3.587000e+01 6.200000e-05
4.930000e-09 3.581000e+01 6.138000e-05
4.940000e-09 3.576000e+01 6.076000e-05
4.950000e-09 3.570000e+01 6.014000e-05
4.960000e-09 3.564000e+01 5.953000e-05
4.970000e-09 3.558000e+01 5.892000e-05
4.980000e-09 3.552000e+01 5.831000e-05
4.990000e-09 3.547000e+01 5.770000e-05
5.000000e-09 3.541000e+01 5.710000e-05
5.010000e-09 3.535000e+01 5.651000e-05
5.020000e-09 3.529000e+01 5.591000e-05
5.030000e-09 3.523000e+01 5.533000e-05
5.040000e-09 3.517000e+01 5.474000e-05
5.050000e-09 3.511000e+01 5.417000e-05
5.060000e-09 3.505000e+01 5.360000e-05
5.070000e-09 3.499000e+01 5.303000e-05
5.080000e-09 3.493000e+01 5.248000e-05
5.090000e-09 3.486000e+01 5.193000e-05
5.100000e-09 3.480000e+01 5.140000e-05
5.110000e-09 3.475000e+01 5.087000e-05
5.120000e-09 3.469000e+01 5.035000e-05
5.130000e-09 3.463000e+01 4.984000e-05
5.140000e-09 3.457000e+01 4.933000e-05
5.150000e-09 3.451000e+01 4.884000e-05
5.160000e-09 3.445000e+01 4.836000e-05
5.170000e-09 3.439000e+01 4.789000e-05
5.180000e-09 3.434000e+01 4.742000e-05
5.190000e-09 3.428000e+01 4.696000e-05
5.200000e-09 3.422000e+01 4.652000e-05
5.210000e-09 3.417000e+01 4.608000e-05
5.220000e-09 3.411000e+01 4.564000e-05
5.230000e-09 3.405000e+01 4.522000e-05
5.240000e-09 3.400000e+01 4.480000e-05
5.250000e-09 3.394000e+01 4.438000e-05
5.260000e-09 3.389000e+01 4.397000e-05
5.270000e-09 3.383000e+01 4.357000e-05
5.280000e-09 3.378000e+01 4.318000e-05
5.290000e-09 3.372000e+01 4.278000e-05
5.300000e-09 3.367000e+01 4.240000e-05
5.310000e-09 3.362000e+01 4.202000e-05
5.320000e-09 3.356000e+01 4.164000e-05
5.330000e-09 3.351000e+01 4.127000e-05
5.340000e-09 3.345000e+01 4.090000e-05
5.350000e-09 3.340000e+01 4.053000e-05
5.360000e-09 3.335000e+01 4.017000e-05
5.370000e-09 3.329000e+01 3.981000e-05
5.380000e-09 3.324000e+01 3.946000e-05
5.390000e-09 3.319000e+01 3.911000e-05
5.400000e-09 3.314000e+01 3.876000e-05
5.410000e-09 3.308000e+01 3.842000e-05
5.420000e-09 3.303000e+01 3.808000e-05
5.430000e-09 3.298000e+01 3.774000e-05
5.440000e-09 3.293000e+01 3.740000e-05
5.450000e-09 3.287000e+01 3.707000e-05
5.460000e-09 3.282000e+01 3.674000e-05
5.470000e-09 3.277000e+01 3.642000e-05
5.480000e-09 3.272000e+01 3.610000e-05
5.490000e-09 3.266000e+01 3.577000e-05
5.500000e-09 3.261000e+01 3.545000e-05
5.510000e-09 3.256000e+01 3.514000e-05
5.520000e-09 3.251000e+01 3.482000e-05
5.530000e-09 3.245000e+01 3.451000e-05
5.540000e-09 3.240000e+01 3.420000e-05
5.550000e-09 3.235000e+01 3.389000e-05
5.560000e-09 3.230000e+01 3.358000e-05
5.570000e-09 3.224000e+01 3.327000e-05
5.580000e-09 3.219000e+01 3.296000e-05
5.590000e-09 3.214000e+01 3.266000e-05
5.600000e-09 3.208000e+01 3.235000e-05
5.610000e-09 3.203000e+01 3.205000e-05
5.620000e-09 3.198000e+01 3.175000e-05
5.630000e-09 3.192000e+01 3.145000e-05
5.640000e-09 3.187000e+01 3.115000e-05
5.650000e-09 3.182000e+01 3.086000e-05
5.660000e-09 3.176000e+01 3.056000e-05
5.670000e-09 3.171000e+01 3.027000e-05
5.680000e-09 3.165000e+01 2.998000e-05
5.690000e-09 3.160000e+01 2.970000e-05
5.700000e-09 3.155000e+01 2.942000e-05
5.710000e-09 3.149000e+01 2.914000e-05
5.720000e-09 3.144000e+01 2.887000e-05
5.730000e-09 3.139000e+01 2.860000e-05
5.740000e-09 3.134000e+01 2.833000e-05
5.750000e-09 3.129000e+01 2.807000e-05
5.760000e-09 3.123000e+01 2.782000e-05
5.770000e-09 3.118000e+01 2.756000e-05
5.780000e-09 3.113000e+01 2.732000e-05
5.790000e-09 3.108000e+01 2.707000e-05
5.800000e-09 3.103000e+01 2.683000e-05
5.810000e-09 3.098000e+01 2.660000e-05
5.820000e-09 3.093000e+01 2.637000e-05
5.830000e-09 3.088000e+01 2.614000e-05
5.840000e-09 3.083000e+01 2.592000e-05
5.850000e-09 3.078000e+01 2.570000e-05
5.860000e-09 3.074000e+01 2.548000e-05
5.870000e-09 3.069000e+01 2.527000e-05
5.880000e-09 3.064000e+01 2.506000e-05
5.890000e-09 3.059000e+01 2.485000e-05
5.900000e-09 3.055000e+01 2.465000e-05
5.910000e-09 3.050000e+01 2.445000e-05
5.920000e-09 3.045000e+01 2.425000e-05
5.930000e-09 3.040000e+01 2.405000e-05
5.940000e-09 3.036000e+01 2.385000e-05
5.950000e-09 3.031000e+01 2.366000e-05
5.960000e-09 3.026000e+01 2.347000e-05
5.970000e-09 3.022000e+01 2.328000e-05
5.980000e-09 3.017000e+01 2.309000e-05
5.990000e-09 3.012000e+01 2.291000e-05
6.000000e-09 3.008000e+01 2.272000e-05
6.010000e-09 3.003000e+01 2.254000e-05
6.020000e-09 2.998000e+01 2.236000e-05
6.030000e-09 2.994000e+01 2.218000e-05
6.040000e-09 2.989000e+01 2.200000e-05
6.050000e-09 2.984000e+01 2.183000e-05
6.060000e-09 2.980000e+01 2.165000e-05
6.070000e-09 2.975000e+01 2.148000e-05
6.080000e-09 2.970000e+01 2.131000e-05
6.090000e-09 2.965000e+01 2.113000e-05
6.100000e-09 2.961000e+01 2.096000e-05
6.110000e-09 2.956000e+01 2.079000e-05
6.120000e-09 2.951000e+01 2.062000e-05
6.130000e-09 2.947000e+01 2.045000e-05
6.140000e-09 2.942000e+01 2.028000e-05
6.150000e-09 2.937000e+01 2.012000e-05
6.160000e-09 2.932000e+01 1.995000e-05
6.170000e-09 2.928000e+01 1.978000e-05
6.180000e-09 2.923000e+01 1.961000e-05
6.190000e-09 2.918000e+01 1.945000e-05
6.200000e-09 2.913000e+01 1.928000e-05
6.210000e-09 2.908000e+01 1.912000e-05
6.220000e-09 2.904000e+01 1.895000e-05
6.230000e-09 2.899000e+01 1.879000e-05
6.240000e-09 2.894000e+01 1.863000e-05
6.250000e-09 2.889000e+01 1.847000e-05
6.260000e-09 2.884000e+01 1.831000e-05
6.270000e-09 2.879000e+01 1.815000e-05
6.280000e-09 2.875000e+01 1.799000e-05
6.290000e-09 2.870000e+01 1.784000e-05
6.300000e-09 2.865000e+01 1.769000e-05
6.310000e-09 2.860000e+01 1.754000e-05
6.320000e-09 2.855000e+01 1.739000e-05
6.330000e-09 2.851000e+01 1.724000e-05
6.340000e-09 2.846000e+01 1.710000e-05
6.350000e-09 2.841000e+01 1.696000e-05
6.360000e-09 2.837000e+01 1.682000e-05
6.370000e-09 2.832000e+01 1.669000e-05
6.380000e-09 2.828000e+01 1.655000e-05
6.390000e-09 2.823000e+01 1.642000e-05
6.400000e-09 2.818000e+01 1.629000e-05
6.410000e-09 2.814000e+01 1.616000e-05
6.420000e-09 2.809000e+01 1.604000e-05
6.430000e-09 2.805000e+01 1.591000e-05
6.440000e-09 2.800000e+01 1.579000e-05
6.450000e-09 2.796000e+01 1.567000e-05
6.460000e-09 2.792000e+01 1.555000e-05
6.470000e-09 2.787000e+01 1.543000e-05
6.480000e-09 2.783000e+01 1.532000e-05
6.490000e-09 2.778000e+01 1.520000e-05
6.500000e-09 2.774000e+01 1.509000e-05
6.510000e-09 2.770000e+01 1.498000e-05
6.520000e-09 2.765000e+01 1.487000e-05
6.530000e-09 2.761000e+01 1.475000e-05
6.540000e-09 2.757000e+01 1.465000e-05
6.550000e-09 2.752000e+01 1.454000e-05
6.560000e-09 2.748000e+01 1.443000e-05
6.570000e-09 2.744000e+01 1.432000e-05
6.580000e-09 2.739000e+01 1.422000e-05
6.590000e-09 2.735000e+01 1.411000e-05
6.600000e-09 2.731000e+01 1.401000e-05
6.610000e-09 2.726000e+01 1.391000e-05
6.620000e-09 2.722000e+01 1.380000e-05
6.630000e-09 2.718000e+01 1.370000e-05
6.640000e-09 2.714000e+01 1.360000e-05
6.650000e-09 2.709000e+01 1.350000e-05
6.660000e-09 2.705000e+01 1.340000e-05
6.670000e-09 2.701000e+01 1.330000e-05
6.680000e-09 2.696000e+01 1.320000e-05
6.690000e-09 2.692000e+01 1.310000e-05
6.700000e-09 2.688000e+01 1.300000e-05
6.710000e-09 2.684000e+01 1.290000e-05
6.720000e-09 2.679000e+01 1.280000e-05
6.730000e-09 2.675000e+01 1.270000e-05
6.740000e-09 2.671000e+01 1.260000e-05
6.750000e-09 2.667000e+01 1.250000e-05
6.760000e-09 2.662000e+01 1.241000e-05
6.770000e-09 2.658000e+01 1.231000e-05
6.780000e-09 2.654000e+01 1.221000e-05
6.790000e-09 2.649000e+01 1.212000e-05
6.800000e-09 2.645000e+01 1.202000e-05
6.810000e-09 2.641000e+01 1.193000e-05
6.820000e-09 2.637000e+01 1.183000e-05
6.830000e-09 2.632000e+01 1.174000e-05
6.840000e-09 2.628000e+01 1.165000e-05
6.850000e-09 2.624000e+01 1.156000e-05
6.860000e-09 2.620000e+01 1.147000e-05
6.870000e-09 2.616000e+01 1.138000e-05
6.880000e-09 2.611000e+01 1.129000e-05
6.890000e-09 2.607000e+01 1.121000e-05
6.900000e-09 2.603000e+01 1.112000e-05
6.910000e-09 2.599000e+01 1.104000e-05
6.920000e-09 2.595000e+01 1.096000e-05
6.930000e-09 2.591000e+01 1.088000e-05
6.940000e-09 2.587000e+01 1.080000e-05
6.950000e-09 2.583000e+01 1.072000e-05
6.960000e-09 2.579000e+01 1.065000e-05
6.970000e-09 2.575000e+01 1.057000e-05
6.980000e-09 2.571000e+01 1.050000e-05
6.990000e-09 2.567000e+01 1.042000e-05
7.000000e-09 2.563000e+01 1.035000e-05
7.010000e-09 2.559000e+01 1.028000e-05
7.020000e-09 2.555000e+01 1.021000e-05
7.030000e-09 2.552000e+01 1.014000e-05
7.040000e-09 2.548000e+01 1.007000e-05
7.050000e-09 2.544000e+01 1.000000e-05
7.060000e-09 2.540000e+01 9.935000e-06
7.070000e-09 2.536000e+01 9.868000e-06
7.080000e-09 2.532000e+01 9.801000e-06
7.090000e-09 2.529000e+01 9.735000e-06
7.100000e-09 2.525000e+01 9.670000e-06
7.110000e-09 2.521000e+01 9.605000e-06
7.120000e-09 2.517000e+01 9.540000e-06
7.130000e-09 2.514000e+01 9.476000e-06
7.140000e-09 2.510000e+01 9.413000e-06
7.150000e-09 2.506000e+01 9.349000e-06
7.160000e-09 2.502000e+01 9.286000e-06
7.170000e-09 2.499000e+01 9.223000e-06
7.180000e-09 2.495000e+01 9.161000e-06
7.190000e-09 2.491000e+01 9.099000e-06
7.200000e-09 2.487000e+01 9.036000e-06
7.210000e-09 2.484000e+01 8.974000e-06
7.220000e-09 2.480000e+01 8.913000e-06
7.230000e-09 2.476000e+01 8.851000e-06
7.240000e-09 2.473000e+01 8.789000e-06
7.250000e-09 2.469000e+01 8.728000e-06
7.260000e-09 2.465000e+01 8.666000e-06
7.270000e-09 2.462000e+01 8.605000e-06
7.280000e-09 2.458000e+01 8.544000e-06
7.290000e-09 2.454000e+01 8.483000e-06
7.300000e-09 2.451000e+01 8.423000e-06
7.310000e-09 2.447000e+01 8.362000e-06
7.320000e-09 2.443000e+01 8.302000e-06
7.330000e-09 2.440000e+01 8.243000e-06
7.340000e-09 2.436000e+01 8.184000e-06
7.350000e-09 2.432000e+01 8.125000e-06
7.360000e-09 2.429000e+01 8.067000e-06
7.370000e-09 2.425000e+01 8.010000e-06
7.380000e-09 2.422000e+01 7.953000e-06
7.390000e-09 2.418000e+01 7.897000e-06
7.400000e-09 2.415000e+01 7.841000e-06
7.410000e-09 2.411000e+01 7.787000e-06
7.420000e-09 2.408000e+01 7.733000e-06
7.430000e-09 2.405000e+01 7.680000e-06
7.440000e-09 2.401000e+01 7.628000e-06
7.450000e-09 2.398000e+01 7.576000e-06
7.460000e-09 2.395000e+01 7.526000e-06
7.470000e-09 2.391000e+01 7.476000e-06
7.480000e-09 2.388000e+01 7.426000e-06
7.490000e-09 2.385000e+01 7.378000e-06
7.500000e-09 2.381000e+01 7.330000e-06
7.510000e-09 2.378000e+01 7.282000e-06
7.520000e-09 2.375000e+01 7.235000e-06
7.530000e-09 2.372000e+01 7.189000e-06
7.540000e-09 2.368000e+01 7.143000e-06
7.550000e-09 2.365000e+01 7.097000e-06
7.560000e-09 2.362000e+01 7.052000e-06
7.570000e-09 2.359000e+01 7.007000e-06
7.580000e-09 2.356000e+01 6.962000e-06
7.590000e-09 2.352000e+01 6.918000e-06
7.600000e-09 2.349000e+01 6.874000e-06
7.610000e-09 2.346000e+01 6.830000e-06
7.620000e-09 2.343000e+01 6.786000e-06
7.630000e-09 2.340000e+01 6.743000e-06
7.640000e-09 2.336000e+01 6.700000e-06
7.650000e-09 2.333000e+01 6.657000e-06
7.660000e-09 2.330000e+01 6.614000e-06
7.670000e-09 2.327000e+01 6.571000e-06
7.680000e-09 2.324000e+01 6.529000e-06
7.690000e-09 2.320000e+01 6.487000e-06
7.700000e-09 2.317000e+01 6.445000e-06
7.710000e-09 2.314000e+01 6.403000e-06
7.720000e-09 2.311000e+01 6.361000e-06
7.730000e-09 2.308000e+01 6.319000e-06
7.740000e-09 2.305000e+01 6.277000e-06
7.750000e-09 2.301000e+01 6.236000e-06
7.760000e-09 2.298000e+01 6.195000e-06
7.770000e-09 2.295000e+01 6.153000e-06
7.780000e-09 2.292000e+01 6.112000e-06
7.790000e-09 2.289000e+01 6.071000e-06
7.800000e-09 2.286000e+01 6.031000e-06
7.810000e-09 2.282000e+01 5.990000e-06
7.820000e-09 2.279000e+01 5.950000e-06
7.830000e-09 2.276000e+01 5.910000e-06
7.840000e-09 2.273000e+01 5.870000e-06
7.850000e-09 2.270000e+01 5.831000e-06
7.860000e-09 2.267000e+01 5.792000e-06
7.870000e-09 2.264000e+01 5.753000e-06
7.880000e-09 2.261000e+01 5.715000e-06
7.890000e-09 2.258000e+01 5.677000e-06
7.900000e-09 2.255000e+01 5.640000e-06
7.910000e-09 2.251000e+01 5.603000e-06
7.920000e-09 2.248000e+01 5.567000e-06
7.930000e-09 2.245000e+01 5.531000e-06
7.940000e-09 2.242000e+01 5.496000e-06
7.950000e-09 2.240000e+01 5.461000e-06
7.960000e-09 2.237000e+01 5.427000e-06
7.970000e-09 2.234000e+01 5.393000e-06
7.980000e-09 2.231000e+01 5.360000e-06
7.990000e-09 2.228000e+01 5.327000e-06
8.000000e-09 2.225000e+01 5.295000e-06
