time te rho
5.010000e-09 2.472000e+00 2.383000e-02
5.020000e-09 2.472000e+00 2.384000e-02
5.030000e-09 2.471000e+00 2.384000e-02
5.040000e-09 2.470000e+00 2.385000e-02
5.050000e-09 2.470000e+00 2.386000e-02
5.060000e-09 2.469000e+00 2.386000e-02
5.070000e-09 2.468000e+00 2.387000e-02
5.080000e-09 2.467000e+00 2.387000e-02
5.090000e-09 2.467000e+00 2.388000e-02
5.100000e-09 2.466000e+00 2.388000e-02
5.110000e-09 2.465000e+00 2.388000e-02
5.120000e-09 2.465000e+00 2.389000e-02
5.130000e-09 2.464000e+00 2.389000e-02
5.140000e-09 2.463000e+00 2.389000e-02
5.150000e-09 2.463000e+00 2.388000e-02
5.160000e-09 2.462000e+00 2.388000e-02
5.170000e-09 2.462000e+00 2.387000e-02
5.180000e-09 2.461000e+00 2.387000e-02
5.190000e-09 2.461000e+00 2.386000e-02
5.200000e-09 2.461000e+00 2.384000e-02
5.210000e-09 2.461000e+00 2.383000e-02
5.220000e-09 2.461000e+00 2.382000e-02
5.230000e-09 2.461000e+00 2.380000e-02
5.240000e-09 2.462000e+00 2.378000e-02
5.250000e-09 2.463000e+00 2.376000e-02
5.260000e-09 2.464000e+00 2.373000e-02
5.270000e-09 2.465000e+00 2.371000e-02
5.280000e-09 2.466000e+00 2.368000e-02
5.290000e-09 2.467000e+00 2.364000e-02
5.300000e-09 2.468000e+00 2.361000e-02
5.310000e-09 2.470000e+00 2.357000e-02
5.320000e-09 2.472000e+00 2.353000e-02
5.330000e-09 2.474000e+00 2.349000e-02
5.340000e-09 2.476000e+00 2.344000e-02
5.350000e-09 2.478000e+00 2.339000e-02
5.360000e-09 2.480000e+00 2.334000e-02
5.370000e-09 2.483000e+00 2.329000e-02
5.380000e-09 2.485000e+00 2.324000e-02
5.390000e-09 2.488000e+00 2.318000e-02
5.400000e-09 2.491000e+00 2.312000e-02
5.410000e-09 2.493000e+00 2.306000e-02
5.420000e-09 2.496000e+00 2.299000e-02
5.430000e-09 2.499000e+00 2.293000e-02
5.440000e-09 2.503000e+00 2.286000e-02
5.450000e-09 2.506000e+00 2.279000e-02
5.460000e-09 2.509000e+00 2.272000e-02
5.470000e-09 2.512000e+00 2.264000e-02
5.480000e-09 2.516000e+00 2.257000e-02
5.490000e-09 2.519000e+00 2.249000e-02
5.500000e-09 2.523000e+00 2.241000e-02
5.510000e-09 2.527000e+00 2.233000e-02
5.520000e-09 2.531000e+00 2.225000e-02
5.530000e-09 2.535000e+00 2.216000e-02
5.540000e-09 2.538000e+00 2.207000e-02
5.550000e-09 2.543000e+00 2.199000e-02
5.560000e-09 2.547000e+00 2.190000e-02
5.570000e-09 2.551000e+00 2.180000e-02
5.580000e-09 2.555000e+00 2.171000e-02
5.590000e-09 2.560000e+00 2.162000e-02
5.600000e-09 2.565000e+00 2.152000e-02
5.610000e-09 2.569000e+00 2.143000e-02
5.620000e-09 2.574000e+00 2.133000e-02
5.630000e-09 2.579000e+00 2.123000e-02
5.640000e-09 2.584000e+00 2.113000e-02
5.650000e-09 2.589000e+00 2.103000e-02
5.660000e-09 2.595000e+00 2.093000e-02
5.670000e-09 2.600000e+00 2.083000e-02
5.680000e-09 2.606000e+00 2.072000e-02
5.690000e-09 2.612000e+00 2.062000e-02
5.700000e-09 2.617000e+00 2.051000e-02
5.710000e-09 2.623000e+00 2.041000e-02
5.720000e-09 2.629000e+00 2.030000e-02
5.730000e-09 2.635000e+00 2.020000e-02
5.740000e-09 2.642000e+00 2.009000e-02
5.750000e-09 2.648000e+00 1.998000e-02
5.760000e-09 2.655000e+00 1.987000e-02
5.770000e-09 2.661000e+00 1.976000e-02
5.780000e-09 2.668000e+00 1.966000e-02
5.790000e-09 2.675000e+00 1.955000e-02
5.800000e-09 2.682000e+00 1.944000e-02
5.810000e-09 2.689000e+00 1.933000e-02
5.820000e-09 2.696000e+00 1.922000e-02
5.830000e-09 2.704000e+00 1.911000e-02
5.840000e-09 2.711000e+00 1.900000e-02
5.850000e-09 2.719000e+00 1.889000e-02
5.860000e-09 2.726000e+00 1.878000e-02
5.870000e-09 2.734000e+00 1.867000e-02
5.880000e-09 2.742000e+00 1.856000e-02
5.890000e-09 2.750000e+00 1.845000e-02
5.900000e-09 2.758000e+00 1.834000e-02
5.910000e-09 2.767000e+00 1.822000e-02
5.920000e-09 2.775000e+00 1.811000e-02
5.930000e-09 2.783000e+00 1.800000e-02
5.940000e-09 2.792000e+00 1.789000e-02
5.950000e-09 2.801000e+00 1.778000e-02
5.960000e-09 2.810000e+00 1.767000e-02
5.970000e-09 2.819000e+00 1.756000e-02
5.980000e-09 2.828000e+00 1.745000e-02
5.990000e-09 2.838000e+00 1.734000e-02
6.000000e-09 2.847000e+00 1.723000e-02
6.010000e-09 2.857000e+00 1.711000e-02
6.020000e-09 2.867000e+00 1.700000e-02
6.030000e-09 2.877000e+00 1.689000e-02
6.040000e-09 2.887000e+00 1.678000e-02
6.050000e-09 2.898000e+00 1.667000e-02
6.060000e-09 2.909000e+00 1.656000e-02
6.070000e-09 2.920000e+00 1.645000e-02
6.080000e-09 2.931000e+00 1.633000e-02
6.090000e-09 2.942000e+00 1.622000e-02
6.100000e-09 2.953000e+00 1.611000e-02
6.110000e-09 2.965000e+00 1.600000e-02
6.120000e-09 2.977000e+00 1.589000e-02
6.130000e-09 2.989000e+00 1.577000e-02
6.140000e-09 3.002000e+00 1.566000e-02
6.150000e-09 3.014000e+00 1.555000e-02
6.160000e-09 3.027000e+00 1.544000e-02
6.170000e-09 3.040000e+00 1.533000e-02
6.180000e-09 3.054000e+00 1.521000e-02
6.190000e-09 3.067000e+00 1.510000e-02
6.200000e-09 3.081000e+00 1.499000e-02
6.210000e-09 3.095000e+00 1.488000e-02
6.220000e-09 3.109000e+00 1.476000e-02
6.230000e-09 3.123000e+00 1.465000e-02
6.240000e-09 3.138000e+00 1.454000e-02
6.250000e-09 3.153000e+00 1.443000e-02
6.260000e-09 3.168000e+00 1.432000e-02
6.270000e-09 3.183000e+00 1.421000e-02
6.280000e-09 3.199000e+00 1.409000e-02
6.290000e-09 3.214000e+00 1.398000e-02
6.300000e-09 3.230000e+00 1.387000e-02
6.310000e-09 3.246000e+00 1.376000e-02
6.320000e-09 3.262000e+00 1.365000e-02
6.330000e-09 3.279000e+00 1.354000e-02
6.340000e-09 3.296000e+00 1.343000e-02
6.350000e-09 3.312000e+00 1.332000e-02
6.360000e-09 3.329000e+00 1.321000e-02
6.370000e-09 3.347000e+00 1.310000e-02
6.380000e-09 3.364000e+00 1.300000e-02
6.390000e-09 3.382000e+00 1.289000e-02
6.400000e-09 3.399000e+00 1.278000e-02
6.410000e-09 3.417000e+00 1.267000e-02
6.420000e-09 3.435000e+00 1.257000e-02
6.430000e-09 3.453000e+00 1.246000e-02
6.440000e-09 3.472000e+00 1.236000e-02
6.450000e-09 3.490000e+00 1.225000e-02
6.460000e-09 3.509000e+00 1.215000e-02
6.470000e-09 3.528000e+00 1.204000e-02
6.480000e-09 3.547000e+00 1.194000e-02
6.490000e-09 3.566000e+00 1.184000e-02
6.500000e-09 3.585000e+00 1.174000e-02
6.510000e-09 3.605000e+00 1.163000e-02
6.520000e-09 3.624000e+00 1.153000e-02
6.530000e-09 3.644000e+00 1.143000e-02
6.540000e-09 3.664000e+00 1.133000e-02
6.550000e-09 3.684000e+00 1.123000e-02
6.560000e-09 3.704000e+00 1.113000e-02
6.570000e-09 3.725000e+00 1.104000e-02
6.580000e-09 3.746000e+00 1.094000e-02
6.590000e-09 3.767000e+00 1.084000e-02
6.600000e-09 3.788000e+00 1.075000e-02
6.610000e-09 3.809000e+00 1.065000e-02
6.620000e-09 3.831000e+00 1.055000e-02
6.630000e-09 3.853000e+00 1.046000e-02
6.640000e-09 3.875000e+00 1.036000e-02
6.650000e-09 3.898000e+00 1.027000e-02
6.660000e-09 3.921000e+00 1.018000e-02
6.670000e-09 3.944000e+00 1.008000e-02
6.680000e-09 3.968000e+00 9.988000e-03
6.690000e-09 3.991000e+00 9.894000e-03
6.700000e-09 4.016000e+00 9.801000e-03
6.710000e-09 4.040000e+00 9.708000e-03
6.720000e-09 4.065000e+00 9.615000e-03
6.730000e-09 4.091000e+00 9.522000e-03
6.740000e-09 4.116000e+00 9.429000e-03
6.750000e-09 4.142000e+00 9.336000e-03
6.760000e-09 4.169000e+00 9.243000e-03
6.770000e-09 4.196000e+00 9.150000e-03
6.780000e-09 4.223000e+00 9.057000e-03
6.790000e-09 4.250000e+00 8.964000e-03
6.800000e-09 4.278000e+00 8.871000e-03
6.810000e-09 4.307000e+00 8.779000e-03
6.820000e-09 4.335000e+00 8.686000e-03
6.830000e-09 4.364000e+00 8.593000e-03
6.840000e-09 4.393000e+00 8.500000e-03
6.850000e-09 4.423000e+00 8.407000e-03
6.860000e-09 4.453000e+00 8.314000e-03
6.870000e-09 4.483000e+00 8.222000e-03
6.880000e-09 4.513000e+00 8.129000e-03
6.890000e-09 4.544000e+00 8.036000e-03
6.900000e-09 4.575000e+00 7.944000e-03
6.910000e-09 4.606000e+00 7.852000e-03
6.920000e-09 4.638000e+00 7.760000e-03
6.930000e-09 4.669000e+00 7.668000e-03
6.940000e-09 4.701000e+00 7.577000e-03
6.950000e-09 4.733000e+00 7.486000e-03
6.960000e-09 4.766000e+00 7.395000e-03
6.970000e-09 4.798000e+00 7.304000e-03
6.980000e-09 4.831000e+00 7.214000e-03
6.990000e-09 4.863000e+00 7.125000e-03
7.000000e-09 4.896000e+00 7.036000e-03
7.010000e-09 4.929000e+00 6.947000e-03
7.020000e-09 4.962000e+00 6.859000e-03
7.030000e-09 4.995000e+00 6.772000e-03
7.040000e-09 5.029000e+00 6.685000e-03
7.050000e-09 5.062000e+00 6.599000e-03
7.060000e-09 5.095000e+00 6.514000e-03
7.070000e-09 5.129000e+00 6.429000e-03
7.080000e-09 5.162000e+00 6.346000e-03
7.090000e-09 5.196000e+00 6.263000e-03
7.100000e-09 5.229000e+00 6.182000e-03
7.110000e-09 5.263000e+00 6.101000e-03
7.120000e-09 5.296000e+00 6.021000e-03
7.130000e-09 5.330000e+00 5.942000e-03
7.140000e-09 5.363000e+00 5.865000e-03
7.150000e-09 5.397000e+00 5.788000e-03
7.160000e-09 5.430000e+00 5.713000e-03
7.170000e-09 5.463000e+00 5.639000e-03
7.180000e-09 5.497000e+00 5.566000e-03
7.190000e-09 5.530000e+00 5.494000e-03
7.200000e-09 5.563000e+00 5.424000e-03
7.210000e-09 5.596000e+00 5.355000e-03
7.220000e-09 5.629000e+00 5.287000e-03
7.230000e-09 5.662000e+00 5.220000e-03
7.240000e-09 5.695000e+00 5.155000e-03
7.250000e-09 5.728000e+00 5.091000e-03
7.260000e-09 5.761000e+00 5.028000e-03
7.270000e-09 5.794000e+00 4.966000e-03
7.280000e-09 5.826000e+00 4.906000e-03
7.290000e-09 5.859000e+00 4.847000e-03
7.300000e-09 5.891000e+00 4.789000e-03
7.310000e-09 5.923000e+00 4.732000e-03
7.320000e-09 5.956000e+00 4.677000e-03
7.330000e-09 5.988000e+00 4.622000e-03
7.340000e-09 6.020000e+00 4.569000e-03
7.350000e-09 6.052000e+00 4.517000e-03
7.360000e-09 6.084000e+00 4.466000e-03
7.370000e-09 6.116000e+00 4.416000e-03
7.380000e-09 6.147000e+00 4.367000e-03
7.390000e-09 6.179000e+00 4.319000e-03
7.400000e-09 6.211000e+00 4.272000e-03
7.410000e-09 6.242000e+00 4.226000e-03
7.420000e-09 6.274000e+00 4.181000e-03
7.430000e-09 6.305000e+00 4.137000e-03
7.440000e-09 6.336000e+00 4.094000e-03
7.450000e-09 6.367000e+00 4.051000e-03
7.460000e-09 6.398000e+00 4.009000e-03
7.470000e-09 6.429000e+00 3.968000e-03
7.480000e-09 6.460000e+00 3.928000e-03
7.490000e-09 6.490000e+00 3.889000e-03
7.500000e-09 6.521000e+00 3.850000e-03
7.510000e-09 6.551000e+00 3.812000e-03
7.520000e-09 6.581000e+00 3.775000e-03
7.530000e-09 6.612000e+00 3.738000e-03
7.540000e-09 6.642000e+00 3.702000e-03
7.550000e-09 6.671000e+00 3.666000e-03
7.560000e-09 6.701000e+00 3.631000e-03
7.570000e-09 6.730000e+00 3.597000e-03
7.580000e-09 6.760000e+00 3.563000e-03
7.590000e-09 6.789000e+00 3.530000e-03
7.600000e-09 6.818000e+00 3.497000e-03
7.610000e-09 6.847000e+00 3.465000e-03
7.620000e-09 6.875000e+00 3.433000e-03
7.630000e-09 6.904000e+00 3.402000e-03
7.640000e-09 6.932000e+00 3.371000e-03
7.650000e-09 6.960000e+00 3.341000e-03
7.660000e-09 6.988000e+00 3.311000e-03
7.670000e-09 7.016000e+00 3.281000e-03
7.680000e-09 7.043000e+00 3.252000e-03
7.690000e-09 7.070000e+00 3.224000e-03
7.700000e-09 7.097000e+00 3.196000e-03
7.710000e-09 7.124000e+00 3.168000e-03
7.720000e-09 7.151000e+00 3.140000e-03
7.730000e-09 7.177000e+00 3.113000e-03
7.740000e-09 7.204000e+00 3.086000e-03
7.750000e-09 7.230000e+00 3.060000e-03
7.760000e-09 7.256000e+00 3.034000e-03
7.770000e-09 7.281000e+00 3.008000e-03
7.780000e-09 7.307000e+00 2.983000e-03
7.790000e-09 7.333000e+00 2.958000e-03
7.800000e-09 7.358000e+00 2.933000e-03
7.810000e-09 7.383000e+00 2.909000e-03
7.820000e-09 7.408000e+00 2.884000e-03
7.830000e-09 7.433000e+00 2.861000e-03
7.840000e-09 7.458000e+00 2.837000e-03
7.850000e-09 7.483000e+00 2.813000e-03
7.860000e-09 7.508000e+00 2.790000e-03
7.870000e-09 7.532000e+00 2.767000e-03
7.880000e-09 7.556000e+00 2.745000e-03
7.890000e-09 7.581000e+00 2.722000e-03
7.900000e-09 7.605000e+00 2.700000e-03
7.910000e-09 7.629000e+00 2.678000e-03
7.920000e-09 7.653000e+00 2.656000e-03
7.930000e-09 7.677000e+00 2.634000e-03
7.940000e-09 7.701000e+00 2.613000e-03
7.950000e-09 7.725000e+00 2.591000e-03
7.960000e-09 7.748000e+00 2.570000e-03
7.970000e-09 7.772000e+00 2.550000e-03
7.980000e-09 7.795000e+00 2.529000e-03
7.990000e-09 7.819000e+00 2.508000e-03
8.000000e-09 7.842000e+00 2.488000e-03
8.010000e-09 7.865000e+00 2.468000e-03
8.020000e-09 7.888000e+00 2.448000e-03
8.030000e-09 7.911000e+00 2.429000e-03
8.040000e-09 7.933000e+00 2.409000e-03
8.050000e-09 7.956000e+00 2.390000e-03
8.060000e-09 7.978000e+00 2.371000e-03
8.070000e-09 8.001000e+00 2.352000e-03
8.080000e-09 8.023000e+00 2.334000e-03
8.090000e-09 8.045000e+00 2.315000e-03
8.100000e-09 8.067000e+00 2.297000e-03
8.110000e-09 8.088000e+00 2.279000e-03
8.120000e-09 8.110000e+00 2.261000e-03
8.130000e-09 8.131000e+00 2.244000e-03
8.140000e-09 8.153000e+00 2.227000e-03
8.150000e-09 8.174000e+00 2.209000e-03
8.160000e-09 8.195000e+00 2.193000e-03
8.170000e-09 8.216000e+00 2.176000e-03
8.180000e-09 8.237000e+00 2.159000e-03
8.190000e-09 8.257000e+00 2.143000e-03
8.200000e-09 8.278000e+00 2.127000e-03
8.210000e-09 8.298000e+00 2.111000e-03
8.220000e-09 8.318000e+00 2.096000e-03
8.230000e-09 8.338000e+00 2.080000e-03
8.240000e-09 8.358000e+00 2.065000e-03
8.250000e-09 8.378000e+00 2.050000e-03
8.260000e-09 8.397000e+00 2.035000e-03
8.270000e-09 8.417000e+00 2.020000e-03
8.280000e-09 8.436000e+00 2.006000e-03
8.290000e-09 8.455000e+00 1.992000e-03
8.300000e-09 8.474000e+00 1.978000e-03
8.310000e-09 8.493000e+00 1.964000e-03
8.320000e-09 8.512000e+00 1.950000e-03
8.330000e-09 8.530000e+00 1.936000e-03
8.340000e-09 8.548000e+00 1.923000e-03
8.350000e-09 8.566000e+00 1.909000e-03
8.360000e-09 8.584000e+00 1.896000e-03
8.370000e-09 8.602000e+00 1.883000e-03
8.380000e-09 8.620000e+00 1.871000e-03
8.390000e-09 8.637000e+00 1.858000e-03
8.400000e-09 8.655000e+00 1.845000e-03
8.410000e-09 8.672000e+00 1.833000e-03
8.420000e-09 8.689000e+00 1.821000e-03
8.430000e-09 8.706000e+00 1.809000e-03
8.440000e-09 8.723000e+00 1.797000e-03
8.450000e-09 8.739000e+00 1.785000e-03
8.460000e-09 8.756000e+00 1.773000e-03
8.470000e-09 8.772000e+00 1.761000e-03
8.480000e-09 8.788000e+00 1.750000e-03
8.490000e-09 8.804000e+00 1.739000e-03
8.500000e-09 8.820000e+00 1.727000e-03
8.510000e-09 8.835000e+00 1.716000e-03
8.520000e-09 8.851000e+00 1.705000e-03
8.530000e-09 8.866000e+00 1.695000e-03
8.540000e-09 8.882000e+00 1.684000e-03
8.550000e-09 8.897000e+00 1.673000e-03
8.560000e-09 8.912000e+00 1.663000e-03
8.570000e-09 8.926000e+00 1.652000e-03
8.580000e-09 8.941000e+00 1.642000e-03
8.590000e-09 8.955000e+00 1.632000e-03
8.600000e-09 8.970000e+00 1.621000e-03
8.610000e-09 8.984000e+00 1.611000e-03
8.620000e-09 8.998000e+00 1.601000e-03
8.630000e-09 9.012000e+00 1.591000e-03
8.640000e-09 9.026000e+00 1.582000e-03
8.650000e-09 9.039000e+00 1.572000e-03
8.660000e-09 9.053000e+00 1.562000e-03
8.670000e-09 9.066000e+00 1.553000e-03
8.680000e-09 9.079000e+00 1.543000e-03
8.690000e-09 9.093000e+00 1.534000e-03
8.700000e-09 9.106000e+00 1.525000e-03
8.710000e-09 9.118000e+00 1.515000e-03
8.720000e-09 9.131000e+00 1.506000e-03
8.730000e-09 9.144000e+00 1.497000e-03
8.740000e-09 9.156000e+00 1.488000e-03
8.750000e-09 9.168000e+00 1.479000e-03
8.760000e-09 9.181000e+00 1.470000e-03
8.770000e-09 9.193000e+00 1.462000e-03
8.780000e-09 9.204000e+00 1.453000e-03
8.790000e-09 9.216000e+00 1.444000e-03
8.800000e-09 9.228000e+00 1.436000e-03
8.810000e-09 9.239000e+00 1.427000e-03
8.820000e-09 9.251000e+00 1.419000e-03
8.830000e-09 9.262000e+00 1.411000e-03
8.840000e-09 9.273000e+00 1.402000e-03
8.850000e-09 9.284000e+00 1.394000e-03
8.860000e-09 9.295000e+00 1.386000e-03
8.870000e-09 9.306000e+00 1.378000e-03
8.880000e-09 9.316000e+00 1.370000e-03
8.890000e-09 9.327000e+00 1.362000e-03
8.900000e-09 9.337000e+00 1.354000e-03
8.910000e-09 9.348000e+00 1.346000e-03
8.920000e-09 9.358000e+00 1.339000e-03
8.930000e-09 9.368000e+00 1.331000e-03
8.940000e-09 9.378000e+00 1.323000e-03
8.950000e-09 9.387000e+00 1.316000e-03
8.960000e-09 9.397000e+00 1.309000e-03
8.970000e-09 9.407000e+00 1.301000e-03
8.980000e-09 9.416000e+00 1.294000e-03
8.990000e-09 9.425000e+00 1.287000e-03
9.000000e-09 9.435000e+00 1.279000e-03
