time te rho
2.010000e-09 1.205000e+01 3.031000e-03
2.020000e-09 1.227000e+01 2.981000e-03
2.030000e-09 1.250000e+01 2.932000e-03
2.040000e-09 1.273000e+01 2.884000e-03
2.050000e-09 1.296000e+01 2.838000e-03
2.060000e-09 1.319000e+01 2.793000e-03
2.070000e-09 1.342000e+01 2.749000e-03
2.080000e-09 1.365000e+01 2.707000e-03
2.090000e-09 1.389000e+01 2.665000e-03
2.100000e-09 1.413000e+01 2.624000e-03
2.110000e-09 1.436000e+01 2.584000e-03
2.120000e-09 1.460000e+01 2.545000e-03
2.130000e-09 1.485000e+01 2.507000e-03
2.140000e-09 1.509000e+01 2.470000e-03
2.150000e-09 1.533000e+01 2.434000e-03
2.160000e-09 1.558000e+01 2.398000e-03
2.170000e-09 1.583000e+01 2.363000e-03
2.180000e-09 1.607000e+01 2.329000e-03
2.190000e-09 1.632000e+01 2.296000e-03
2.200000e-09 1.657000e+01 2.264000e-03
2.210000e-09 1.683000e+01 2.232000e-03
2.220000e-09 1.708000e+01 2.200000e-03
2.230000e-09 1.733000e+01 2.170000e-03
2.240000e-09 1.759000e+01 2.140000e-03
2.250000e-09 1.785000e+01 2.111000e-03
2.260000e-09 1.811000e+01 2.082000e-03
2.270000e-09 1.836000e+01 2.054000e-03
2.280000e-09 1.863000e+01 2.026000e-03
2.290000e-09 1.889000e+01 1.999000e-03
2.300000e-09 1.915000e+01 1.973000e-03
2.310000e-09 1.941000e+01 1.947000e-03
2.320000e-09 1.968000e+01 1.922000e-03
2.330000e-09 1.995000e+01 1.897000e-03
2.340000e-09 2.021000e+01 1.873000e-03
2.350000e-09 2.048000e+01 1.849000e-03
2.360000e-09 2.075000e+01 1.825000e-03
2.370000e-09 2.102000e+01 1.803000e-03
2.380000e-09 2.130000e+01 1.780000e-03
2.390000e-09 2.157000e+01 1.758000e-03
2.400000e-09 2.184000e+01 1.736000e-03
2.410000e-09 2.212000e+01 1.715000e-03
2.420000e-09 2.239000e+01 1.694000e-03
2.430000e-09 2.267000e+01 1.674000e-03
2.440000e-09 2.295000e+01 1.654000e-03
2.450000e-09 2.323000e+01 1.634000e-03
2.460000e-09 2.351000e+01 1.615000e-03
2.470000e-09 2.379000e+01 1.596000e-03
2.480000e-09 2.407000e+01 1.577000e-03
2.490000e-09 2.435000e+01 1.559000e-03
2.500000e-09 2.463000e+01 1.541000e-03
2.510000e-09 2.491000e+01 1.523000e-03
2.520000e-09 2.520000e+01 1.506000e-03
2.530000e-09 2.548000e+01 1.489000e-03
2.540000e-09 2.576000e+01 1.472000e-03
2.550000e-09 2.604000e+01 1.455000e-03
2.560000e-09 2.633000e+01 1.439000e-03
2.570000e-09 2.661000e+01 1.423000e-03
2.580000e-09 2.689000e+01 1.407000e-03
2.590000e-09 2.717000e+01 1.391000e-03
2.600000e-09 2.745000e+01 1.376000e-03
2.610000e-09 2.773000e+01 1.361000e-03
2.620000e-09 2.801000e+01 1.346000e-03
2.630000e-09 2.829000e+01 1.331000e-03
2.640000e-09 2.857000e+01 1.317000e-03
2.650000e-09 2.885000e+01 1.302000e-03
2.660000e-09 2.913000e+01 1.288000e-03
2.670000e-09 2.941000e+01 1.274000e-03
2.680000e-09 2.968000e+01 1.261000e-03
2.690000e-09 2.996000e+01 1.247000e-03
2.700000e-09 3.023000e+01 1.233000e-03
2.710000e-09 3.050000e+01 1.220000e-03
2.720000e-09 3.077000e+01 1.207000e-03
2.730000e-09 3.104000e+01 1.194000e-03
2.740000e-09 3.131000e+01 1.181000e-03
2.750000e-09 3.158000e+01 1.168000e-03
2.760000e-09 3.185000e+01 1.156000e-03
2.770000e-09 3.211000e+01 1.144000e-03
2.780000e-09 3.238000e+01 1.131000e-03
2.790000e-09 3.264000e+01 1.119000e-03
2.800000e-09 3.291000e+01 1.107000e-03
2.810000e-09 3.317000e+01 1.095000e-03
2.820000e-09 3.343000e+01 1.084000e-03
2.830000e-09 3.369000e+01 1.072000e-03
2.840000e-09 3.395000e+01 1.061000e-03
2.850000e-09 3.420000e+01 1.049000e-03
2.860000e-09 3.446000e+01 1.038000e-03
2.870000e-09 3.472000e+01 1.027000e-03
2.880000e-09 3.497000e+01 1.016000e-03
2.890000e-09 3.523000e+01 1.005000e-03
2.900000e-09 3.548000e+01 9.946000e-04
2.910000e-09 3.574000e+01 9.841000e-04
2.920000e-09 3.599000e+01 9.737000e-04
2.930000e-09 3.624000e+01 9.634000e-04
2.940000e-09 3.649000e+01 9.532000e-04
2.950000e-09 3.674000e+01 9.432000e-04
2.960000e-09 3.700000e+01 9.333000e-04
2.970000e-09 3.725000e+01 9.236000e-04
2.980000e-09 3.749000e+01 9.139000e-04
2.990000e-09 3.774000e+01 9.044000e-04
3.000000e-09 3.799000e+01 8.949000e-04
3.010000e-09 3.824000e+01 8.856000e-04
3.020000e-09 3.848000e+01 8.764000e-04
3.030000e-09 3.873000e+01 8.674000e-04
3.040000e-09 3.897000e+01 8.584000e-04
3.050000e-09 3.922000e+01 8.495000e-04
3.060000e-09 3.946000e+01 8.407000e-04
3.070000e-09 3.970000e+01 8.321000e-04
3.080000e-09 3.994000e+01 8.235000e-04
3.090000e-09 4.018000e+01 8.150000e-04
3.100000e-09 4.041000e+01 8.067000e-04
3.110000e-09 4.064000e+01 7.984000e-04
3.120000e-09 4.087000e+01 7.902000e-04
3.130000e-09 4.110000e+01 7.821000e-04
3.140000e-09 4.133000e+01 7.741000e-04
3.150000e-09 4.155000e+01 7.663000e-04
3.160000e-09 4.177000e+01 7.584000e-04
3.170000e-09 4.199000e+01 7.507000e-04
3.180000e-09 4.220000e+01 7.431000e-04
3.190000e-09 4.241000e+01 7.356000e-04
3.200000e-09 4.262000e+01 7.281000e-04
3.210000e-09 4.282000e+01 7.208000e-04
3.220000e-09 4.302000e+01 7.135000e-04
3.230000e-09 4.321000e+01 7.063000e-04
3.240000e-09 4.340000e+01 6.993000e-04
3.250000e-09 4.358000e+01 6.923000e-04
3.260000e-09 4.376000e+01 6.854000e-04
3.270000e-09 4.394000e+01 6.785000e-04
3.280000e-09 4.411000e+01 6.718000e-04
3.290000e-09 4.427000e+01 6.652000e-04
3.300000e-09 4.443000e+01 6.586000e-04
3.310000e-09 4.459000e+01 6.521000e-04
3.320000e-09 4.474000e+01 6.457000e-04
3.330000e-09 4.488000e+01 6.395000e-04
3.340000e-09 4.502000e+01 6.332000e-04
3.350000e-09 4.515000e+01 6.271000e-04
3.360000e-09 4.528000e+01 6.211000e-04
3.370000e-09 4.541000e+01 6.152000e-04
3.380000e-09 4.553000e+01 6.093000e-04
3.390000e-09 4.564000e+01 6.036000e-04
3.400000e-09 4.575000e+01 5.979000e-04
3.410000e-09 4.586000e+01 5.924000e-04
3.420000e-09 4.596000e+01 5.869000e-04
3.430000e-09 4.605000e+01 5.816000e-04
3.440000e-09 4.615000e+01 5.763000e-04
3.450000e-09 4.623000e+01 5.711000e-04
3.460000e-09 4.632000e+01 5.661000e-04
3.470000e-09 4.640000e+01 5.611000e-04
3.480000e-09 4.647000e+01 5.563000e-04
3.490000e-09 4.655000e+01 5.515000e-04
3.500000e-09 4.662000e+01 5.469000e-04
3.510000e-09 4.668000e+01 5.423000e-04
3.520000e-09 4.674000e+01 5.379000e-04
3.530000e-09 4.680000e+01 5.335000e-04
3.540000e-09 4.686000e+01 5.292000e-04
3.550000e-09 4.692000e+01 5.250000e-04
3.560000e-09 4.697000e+01 5.209000e-04
3.570000e-09 4.702000e+01 5.168000e-04
3.580000e-09 4.707000e+01 5.128000e-04
3.590000e-09 4.711000e+01 5.089000e-04
3.600000e-09 4.715000e+01 5.050000e-04
3.610000e-09 4.720000e+01 5.011000e-04
3.620000e-09 4.724000e+01 4.973000e-04
3.630000e-09 4.727000e+01 4.935000e-04
3.640000e-09 4.731000e+01 4.897000e-04
3.650000e-09 4.735000e+01 4.859000e-04
3.660000e-09 4.738000e+01 4.822000e-04
3.670000e-09 4.741000e+01 4.784000e-04
3.680000e-09 4.744000e+01 4.747000e-04
3.690000e-09 4.747000e+01 4.710000e-04
3.700000e-09 4.750000e+01 4.673000e-04
3.710000e-09 4.752000e+01 4.636000e-04
3.720000e-09 4.755000e+01 4.599000e-04
3.730000e-09 4.757000e+01 4.563000e-04
3.740000e-09 4.759000e+01 4.526000e-04
3.750000e-09 4.761000e+01 4.490000e-04
3.760000e-09 4.762000e+01 4.454000e-04
3.770000e-09 4.764000e+01 4.418000e-04
3.780000e-09 4.765000e+01 4.383000e-04
3.790000e-09 4.766000e+01 4.348000e-04
3.800000e-09 4.767000e+01 4.313000e-04
3.810000e-09 4.768000e+01 4.278000e-04
3.820000e-09 4.769000e+01 4.243000e-04
3.830000e-09 4.769000e+01 4.209000e-04
3.840000e-09 4.769000e+01 4.175000e-04
3.850000e-09 4.769000e+01 4.142000e-04
3.860000e-09 4.769000e+01 4.109000e-04
3.870000e-09 4.768000e+01 4.076000e-04
3.880000e-09 4.768000e+01 4.043000e-04
3.890000e-09 4.767000e+01 4.011000e-04
3.900000e-09 4.766000e+01 3.979000e-04
3.910000e-09 4.765000e+01 3.948000e-04
3.920000e-09 4.763000e+01 3.917000e-04
3.930000e-09 4.762000e+01 3.886000e-04
3.940000e-09 4.760000e+01 3.855000e-04
3.950000e-09 4.758000e+01 3.825000e-04
3.960000e-09 4.756000e+01 3.795000e-04
3.970000e-09 4.754000e+01 3.766000e-04
3.980000e-09 4.751000e+01 3.736000e-04
3.990000e-09 4.748000e+01 3.708000e-04
4.000000e-09 4.746000e+01 3.679000e-04
4.010000e-09 4.743000e+01 3.651000e-04
4.020000e-09 4.740000e+01 3.623000e-04
4.030000e-09 4.736000e+01 3.595000e-04
4.040000e-09 4.733000e+01 3.568000e-04
4.050000e-09 4.730000e+01 3.541000e-04
4.060000e-09 4.726000e+01 3.514000e-04
4.070000e-09 4.722000e+01 3.487000e-04
4.080000e-09 4.718000e+01 3.461000e-04
4.090000e-09 4.714000e+01 3.435000e-04
4.100000e-09 4.710000e+01 3.410000e-04
4.110000e-09 4.706000e+01 3.384000e-04
4.120000e-09 4.702000e+01 3.359000e-04
4.130000e-09 4.698000e+01 3.335000e-04
4.140000e-09 4.693000e+01 3.310000e-04
4.150000e-09 4.689000e+01 3.286000e-04
4.160000e-09 4.684000e+01 3.262000e-04
4.170000e-09 4.680000e+01 3.238000e-04
4.180000e-09 4.675000e+01 3.215000e-04
4.190000e-09 4.670000e+01 3.191000e-04
4.200000e-09 4.666000e+01 3.168000e-04
4.210000e-09 4.661000e+01 3.145000e-04
4.220000e-09 4.656000e+01 3.123000e-04
4.230000e-09 4.651000e+01 3.100000e-04
4.240000e-09 4.646000e+01 3.078000e-04
4.250000e-09 4.641000e+01 3.056000e-04
4.260000e-09 4.635000e+01 3.034000e-04
4.270000e-09 4.630000e+01 3.012000e-04
4.280000e-09 4.625000e+01 2.991000e-04
4.290000e-09 4.619000e+01 2.969000e-04
4.300000e-09 4.614000e+01 2.948000e-04
4.310000e-09 4.608000e+01 2.926000e-04
4.320000e-09 4.603000e+01 2.905000e-04
4.330000e-09 4.597000e+01 2.884000e-04
4.340000e-09 4.591000e+01 2.863000e-04
4.350000e-09 4.585000e+01 2.841000e-04
4.360000e-09 4.579000e+01 2.820000e-04
4.370000e-09 4.573000e+01 2.799000e-04
4.380000e-09 4.566000e+01 2.778000e-04
4.390000e-09 4.560000e+01 2.757000e-04
4.400000e-09 4.554000e+01 2.737000e-04
4.410000e-09 4.547000e+01 2.716000e-04
4.420000e-09 4.541000e+01 2.695000e-04
4.430000e-09 4.534000e+01 2.675000e-04
4.440000e-09 4.528000e+01 2.654000e-04
4.450000e-09 4.521000e+01 2.634000e-04
4.460000e-09 4.514000e+01 2.614000e-04
4.470000e-09 4.508000e+01 2.595000e-04
4.480000e-09 4.501000e+01 2.575000e-04
4.490000e-09 4.494000e+01 2.556000e-04
4.500000e-09 4.488000e+01 2.537000e-04
4.510000e-09 4.481000e+01 2.518000e-04
4.520000e-09 4.475000e+01 2.500000e-04
4.530000e-09 4.468000e+01 2.482000e-04
4.540000e-09 4.462000e+01 2.464000e-04
4.550000e-09 4.455000e+01 2.446000e-04
4.560000e-09 4.449000e+01 2.429000e-04
4.570000e-09 4.443000e+01 2.412000e-04
4.580000e-09 4.437000e+01 2.396000e-04
4.590000e-09 4.431000e+01 2.379000e-04
4.600000e-09 4.425000e+01 2.363000e-04
4.610000e-09 4.419000e+01 2.348000e-04
4.620000e-09 4.413000e+01 2.332000e-04
4.630000e-09 4.407000e+01 2.317000e-04
4.640000e-09 4.401000e+01 2.302000e-04
4.650000e-09 4.395000e+01 2.287000e-04
4.660000e-09 4.390000e+01 2.272000e-04
4.670000e-09 4.384000e+01 2.258000e-04
4.680000e-09 4.378000e+01 2.243000e-04
4.690000e-09 4.373000e+01 2.229000e-04
4.700000e-09 4.367000e+01 2.215000e-04
4.710000e-09 4.362000e+01 2.201000e-04
4.720000e-09 4.357000e+01 2.187000e-04
4.730000e-09 4.351000e+01 2.174000e-04
4.740000e-09 4.346000e+01 2.160000e-04
4.750000e-09 4.341000e+01 2.146000e-04
4.760000e-09 4.336000e+01 2.133000e-04
4.770000e-09 4.331000e+01 2.120000e-04
4.780000e-09 4.326000e+01 2.107000e-04
4.790000e-09 4.321000e+01 2.094000e-04
4.800000e-09 4.316000e+01 2.081000e-04
4.810000e-09 4.311000e+01 2.068000e-04
4.820000e-09 4.306000e+01 2.055000e-04
4.830000e-09 4.301000e+01 2.042000e-04
4.840000e-09 4.296000e+01 2.030000e-04
4.850000e-09 4.292000e+01 2.017000e-04
4.860000e-09 4.287000e+01 2.005000e-04
4.870000e-09 4.282000e+01 1.992000e-04
4.880000e-09 4.277000e+01 1.980000e-04
4.890000e-09 4.273000e+01 1.968000e-04
4.900000e-09 4.268000e+01 1.956000e-04
4.910000e-09 4.264000e+01 1.943000e-04
4.920000e-09 4.259000e+01 1.931000e-04
4.930000e-09 4.254000e+01 1.919000e-04
4.940000e-09 4.250000e+01 1.908000e-04
4.950000e-09 4.245000e+01 1.896000e-04
4.960000e-09 4.241000e+01 1.884000e-04
4.970000e-09 4.236000e+01 1.872000e-04
4.980000e-09 4.232000e+01 1.861000e-04
4.990000e-09 4.227000e+01 1.849000e-04
5.000000e-09 4.222000e+01 1.838000e-04
5.010000e-09 4.218000e+01 1.826000e-04
5.020000e-09 4.213000e+01 1.815000e-04
5.030000e-09 4.209000e+01 1.804000e-04
5.040000e-09 4.204000e+01 1.793000e-04
5.050000e-09 4.200000e+01 1.782000e-04
5.060000e-09 4.195000e+01 1.770000e-04
5.070000e-09 4.190000e+01 1.759000e-04
5.080000e-09 4.186000e+01 1.748000e-04
5.090000e-09 4.181000e+01 1.738000e-04
5.100000e-09 4.176000e+01 1.727000e-04
5.110000e-09 4.172000e+01 1.716000e-04
5.120000e-09 4.167000e+01 1.705000e-04
5.130000e-09 4.162000e+01 1.695000e-04
5.140000e-09 4.158000e+01 1.684000e-04
5.150000e-09 4.153000e+01 1.673000e-04
5.160000e-09 4.148000e+01 1.663000e-04
5.170000e-09 4.144000e+01 1.653000e-04
5.180000e-09 4.139000e+01 1.642000e-04
5.190000e-09 4.134000e+01 1.632000e-04
5.200000e-09 4.129000e+01 1.622000e-04
5.210000e-09 4.124000e+01 1.611000e-04
5.220000e-09 4.120000e+01 1.601000e-04
5.230000e-09 4.115000e+01 1.591000e-04
5.240000e-09 4.110000e+01 1.581000e-04
5.250000e-09 4.105000e+01 1.571000e-04
5.260000e-09 4.100000e+01 1.561000e-04
5.270000e-09 4.095000e+01 1.551000e-04
5.280000e-09 4.091000e+01 1.542000e-04
5.290000e-09 4.086000e+01 1.532000e-04
5.300000e-09 4.081000e+01 1.522000e-04
5.310000e-09 4.076000e+01 1.512000e-04
5.320000e-09 4.071000e+01 1.503000e-04
5.330000e-09 4.066000e+01 1.493000e-04
5.340000e-09 4.061000e+01 1.483000e-04
5.350000e-09 4.056000e+01 1.474000e-04
5.360000e-09 4.052000e+01 1.464000e-04
5.370000e-09 4.047000e+01 1.454000e-04
5.380000e-09 4.042000e+01 1.445000e-04
5.390000e-09 4.037000e+01 1.435000e-04
5.400000e-09 4.032000e+01 1.425000e-04
5.410000e-09 4.027000e+01 1.416000e-04
5.420000e-09 4.022000e+01 1.406000e-04
5.430000e-09 4.017000e+01 1.396000e-04
5.440000e-09 4.012000e+01 1.387000e-04
5.450000e-09 4.007000e+01 1.377000e-04
5.460000e-09 4.003000e+01 1.367000e-04
5.470000e-09 3.998000e+01 1.358000e-04
5.480000e-09 3.993000e+01 1.348000e-04
5.490000e-09 3.988000e+01 1.339000e-04
5.500000e-09 3.983000e+01 1.329000e-04
5.510000e-09 3.978000e+01 1.320000e-04
5.520000e-09 3.973000e+01 1.310000e-04
5.530000e-09 3.969000e+01 1.301000e-04
5.540000e-09 3.964000e+01 1.292000e-04
5.550000e-09 3.959000e+01 1.282000e-04
5.560000e-09 3.955000e+01 1.273000e-04
5.570000e-09 3.950000e+01 1.265000e-04
5.580000e-09 3.946000e+01 1.256000e-04
5.590000e-09 3.941000e+01 1.247000e-04
5.600000e-09 3.937000e+01 1.238000e-04
5.610000e-09 3.932000e+01 1.230000e-04
5.620000e-09 3.928000e+01 1.222000e-04
5.630000e-09 3.923000e+01 1.214000e-04
5.640000e-09 3.919000e+01 1.205000e-04
5.650000e-09 3.915000e+01 1.198000e-04
5.660000e-09 3.910000e+01 1.190000e-04
5.670000e-09 3.906000e+01 1.182000e-04
5.680000e-09 3.902000e+01 1.174000e-04
5.690000e-09 3.898000e+01 1.167000e-04
5.700000e-09 3.893000e+01 1.159000e-04
5.710000e-09 3.889000e+01 1.152000e-04
5.720000e-09 3.885000e+01 1.145000e-04
5.730000e-09 3.881000e+01 1.137000e-04
5.740000e-09 3.876000e+01 1.130000e-04
5.750000e-09 3.872000e+01 1.123000e-04
5.760000e-09 3.868000e+01 1.116000e-04
5.770000e-09 3.864000e+01 1.109000e-04
5.780000e-09 3.860000e+01 1.102000e-04
5.790000e-09 3.855000e+01 1.095000e-04
5.800000e-09 3.851000e+01 1.088000e-04
5.810000e-09 3.847000e+01 1.081000e-04
5.820000e-09 3.843000e+01 1.075000e-04
5.830000e-09 3.838000e+01 1.068000e-04
5.840000e-09 3.834000e+01 1.061000e-04
5.850000e-09 3.830000e+01 1.055000e-04
5.860000e-09 3.826000e+01 1.048000e-04
5.870000e-09 3.821000e+01 1.041000e-04
5.880000e-09 3.817000e+01 1.035000e-04
5.890000e-09 3.813000e+01 1.028000e-04
5.900000e-09 3.808000e+01 1.022000e-04
5.910000e-09 3.804000e+01 1.016000e-04
5.920000e-09 3.800000e+01 1.009000e-04
5.930000e-09 3.795000e+01 1.003000e-04
5.940000e-09 3.791000e+01 9.967000e-05
5.950000e-09 3.787000e+01 9.904000e-05
5.960000e-09 3.782000e+01 9.843000e-05
5.970000e-09 3.778000e+01 9.781000e-05
5.980000e-09 3.774000e+01 9.720000e-05
5.990000e-09 3.769000e+01 9.659000e-05
6.000000e-09 3.765000e+01 9.599000e-05
